4170.51 2 3 4 2 2 2 3 2 2 1 3 3 2 1 1 1 1 1 1 0 1 1 1 0 1 1 1 0 0 1 1 1 0 1 1 0 0 0 0 1 1 0 1 0 1 0 1 1 0 0 0 1 1 0 1 0 1 1 1 0 0 0 1 0 1 0 0 1 0 1 0 0 0 0 0 1 1 1 1 0 0 1 0 0 1 0 1 1 0 1 0 0 1 0 1 0 0 0 1 1 0 0 0 1 1 1 0 0 1 1 1 1 0 0 1 0 1 1 1 1 0 0 0 0 0 1 0 1 0 0 1 0 1 0 1 0 1 0 0 1 1 1 1 0 1 1 0 1 0 1 0 0 0 1 1 0 1 1 0 0 0 1 1 1 0 1 0 0 1 0 1 0 0 1 1 0 1 1 0 1 1 0 0 0 0 1 1 1 1 0 1 0 0 1 0 0 0 1 0 1 0 1 0 0 1 0 1 0 1 0 0 0 1 0 1 0 1 0 0 1 0 1 0 2907.59
2364.84 2 1 3 2 4 3 2 1 3 2 2 4 2 2 1 1 1 1 1 0 0 1 1 1 0 0 0 0 1 0 0 0 0 0 0 0 1 0 0 0 0 0 1 0 1 1 0 0 0 1 0 0 0 0 0 1 1 0 0 0 1 1 1 0 0 1 0 0 0 1 1 0 0 0 0 0 1 0 0 0 0 0 0 0 1 0 1 0 0 1 0 1 1 1 1 1 0 1 0 1 0 1 0 0 0 0 0 1 0 0 0 1 0 0 0 0 0 0 0 1 0 0 1 1 0 0 1 1 0 1 0 0 1 0 1 0 1 1 0 1 1 1 0 1 1 1 1 0 1 1 0 0 0 0 0 1 1 1 0 1 1 1 1 0 1 1 0 1 1 0 1 1 0 1 1 1 0 0 1 0 0 0 0 1 0 0 1 1 1 0 0 0 1 1 0 1 1 0 1 0 0 1 1 0 0 1 0 0 1 0 0 1 0 1 0 1 1 1 0 0 0 1 0 2736.83
2582.94 3 1 3 4 3 2 2 1 3 3 4 2 4 1 0 1 1 0 1 0 1 1 0 0 0 0 0 1 1 0 1 1 1 1 1 1 0 0 1 1 1 1 1 0 1 0 0 0 1 1 1 0 0 1 1 0 0 1 1 0 0 1 0 1 0 1 0 1 1 0 0 1 1 1 1 0 1 1 1 0 0 1 0 0 0 1 1 0 0 0 0 0 0 1 1 1 0 1 0 0 1 1 1 1 1 1 1 1 1 1 1 0 1 1 0 0 0 1 1 0 0 1 0 1 1 1 1 1 1 1 0 1 0 1 0 0 1 0 0 0 1 0 0 0 1 0 1 0 1 0 1 1 0 0 0 1 0 0 0 1 1 1 1 0 1 0 1 1 0 1 0 0 0 0 0 1 0 0 1 1 0 0 1 1 0 1 1 0 0 1 1 0 0 1 1 1 1 0 1 1 1 0 0 0 0 1 0 1 1 0 0 1 1 0 0 0 0 1 1 0 1 3 0 2671.35
2720.71 4 2 3 2 1 4 3 2 1 3 3 3 1 1 0 1 1 1 0 1 1 1 0 1 1 0 1 1 1 0 0 0 0 1 1 0 1 0 1 1 0 1 1 0 1 0 1 1 1 1 0 0 1 1 0 1 1 1 0 1 1 0 1 1 0 0 0 0 0 0 0 0 1 1 0 1 1 1 0 0 1 0 1 1 1 0 0 0 1 0 0 0 0 0 1 0 1 0 1 0 1 0 0 1 0 1 1 0 1 0 0 0 1 0 1 0 1 1 0 0 1 0 0 0 0 1 0 1 0 0 0 1 0 0 0 1 0 0 1 0 0 0 1 1 0 1 1 0 0 1 0 1 0 1 1 1 0 1 1 0 0 0 0 0 1 0 0 0 1 1 0 0 1 0 0 1 1 0 0 1 1 1 0 0 0 1 1 0 1 1 1 0 1 0 1 1 0 0 1 0 0 1 1 0 1 1 0 1 1 1 0 0 0 0 1 0 1 0 1 1 0 1 1 2543.44
2489.29 4 3 3 1 3 4 3 3 2 4 1 4 1 1 1 1 0 0 1 0 1 1 1 1 0 1 0 0 0 0 1 0 0 1 1 1 1 1 0 0 1 1 0 1 1 0 1 0 0 0 1 1 1 1 0 1 0 1 1 0 1 0 0 1 1 0 1 1 0 0 0 1 1 1 0 0 0 1 0 0 0 1 1 1 0 1 0 1 1 0 0 0 0 1 1 0 1 0 0 0 1 1 0 0 1 1 1 0 0 0 0 0 1 1 0 0 0 1 1 0 1 0 1 1 0 1 1 1 0 1 1 0 0 1 1 0 0 0 1 0 1 1 0 1 0 0 0 1 0 0 0 0 0 1 1 0 1 0 0 1 0 0 1 1 1 1 1 1 0 1 1 1 0 1 1 1 1 0 1 0 1 1 1 0 1 0 0 0 1 0 0 0 0 0 0 1 1 0 1 0 1 1 0 0 1 0 0 0 1 1 0 0 0 1 0 1 1 1 0 0 0 2 0 2723.11
3333.25 1 4 3 3 3 3 3 1 4 3 3 4 2 2 0 1 1 1 0 1 0 1 0 1 0 0 0 1 0 0 1 1 1 1 1 1 0 1 1 1 1 0 1 1 0 1 1 0 1 1 0 0 0 1 0 0 0 1 1 1 1 1 0 0 1 1 1 1 0 1 0 0 0 1 1 0 1 0 1 0 0 0 1 1 1 0 0 1 1 0 1 1 1 0 0 1 0 1 0 0 1 0 1 0 1 0 1 1 1 1 0 1 0 1 1 1 0 0 0 0 1 1 1 1 0 1 1 0 0 0 1 1 1 1 1 0 0 0 1 0 1 1 0 1 0 0 0 0 1 0 0 0 1 0 0 0 1 1 1 1 0 1 1 0 0 0 0 0 0 1 1 0 0 0 0 0 1 1 0 0 0 1 0 1 0 1 1 1 1 0 0 1 0 1 1 1 1 0 0 1 0 0 0 0 1 0 1 0 0 1 0 0 1 0 0 1 1 1 0 1 0 2 1 3678.94
3063.33 2 3 1 4 3 1 2 3 4 3 3 3 4 2 1 0 0 1 0 1 1 0 1 1 1 1 0 0 0 1 0 0 0 0 0 1 0 0 0 0 1 1 1 0 1 1 1 0 0 1 1 1 1 0 0 1 0 1 0 1 1 0 1 1 1 0 0 0 1 0 0 1 1 1 1 0 0 0 0 0 0 0 0 1 1 1 0 1 1 0 1 1 1 1 0 0 1 0 1 0 1 1 1 1 0 1 0 1 1 0 1 1 1 0 0 1 0 0 0 0 1 0 0 1 0 0 1 0 0 0 1 1 0 1 0 0 0 0 0 1 0 0 1 1 0 1 1 0 1 0 0 0 0 0 1 0 0 1 1 0 1 0 1 0 0 0 1 0 1 0 0 0 1 0 1 0 0 1 1 1 1 1 0 1 1 1 0 1 0 0 1 0 1 1 1 1 0 1 0 0 1 0 0 1 1 0 0 1 0 1 0 1 0 0 1 1 0 1 1 0 0 2 0 3043.07
3119.95 2 2 2 2 1 1 1 1 4 1 1 2 3 2 0 1 0 1 1 0 0 0 1 1 0 0 0 1 0 0 0 0 0 0 1 1 0 0 1 0 1 0 0 0 1 1 0 0 1 0 0 0 0 1 0 0 0 0 0 0 0 1 0 1 0 1 0 1 1 1 1 0 1 0 0 0 0 1 1 0 0 1 1 1 0 1 1 1 0 1 1 1 0 0 1 1 0 0 0 0 1 0 0 1 0 1 0 0 1 1 0 1 1 1 0 0 0 1 1 0 0 1 1 1 1 1 0 1 1 0 0 1 1 1 1 1 1 1 1 0 0 1 1 0 0 0 1 0 1 0 1 1 0 1 0 0 0 1 1 1 1 0 0 0 0 0 0 0 0 0 1 0 0 1 0 0 0 1 1 0 1 0 1 1 1 0 0 0 0 1 0 1 0 1 0 1 0 1 0 0 1 0 1 1 1 1 0 1 0 0 1 1 0 0 1 0 0 0 1 1 1 1 0 3749.68
3394.57 1 4 1 2 1 2 4 3 3 2 4 3 3 2 0 0 1 0 1 0 0 0 1 1 1 0 1 0 1 0 0 1 0 0 1 1 1 1 0 0 1 1 1 1 0 0 0 1 0 1 1 1 1 0 1 0 0 1 1 0 0 0 0 1 1 1 1 0 1 0 1 1 1 0 0 0 0 1 0 1 0 1 0 1 1 0 0 0 1 0 1 1 1 0 0 1 0 1 1 1 1 0 1 0 1 1 1 0 0 0 0 0 0 0 1 0 0 0 0 1 0 0 0 0 0 1 1 1 1 1 1 0 0 0 1 0 1 0 0 1 0 0 0 1 1 0 1 0 0 1 0 1 1 1 1 0 0 1 0 0 1 1 0 1 0 0 0 1 1 1 1 0 1 0 0 1 1 0 0 0 1 0 1 0 0 1 0 0 1 1 0 1 1 1 1 0 1 1 1 0 1 1 1 0 1 1 1 0 0 0 0 1 1 1 0 0 1 1 0 1 1 3 1 2520
3666.57 1 4 1 3 3 3 1 3 4 2 4 3 4 1 1 1 1 1 1 0 0 1 0 0 0 1 0 0 0 0 1 0 0 0 1 0 0 1 0 0 0 1 0 0 0 0 1 0 1 1 0 0 1 1 0 0 1 1 0 1 1 0 1 1 1 0 0 0 1 1 0 1 0 1 1 1 1 0 1 1 1 0 1 1 1 1 1 1 0 1 1 0 1 1 1 1 1 1 1 1 0 1 0 0 1 1 0 0 0 1 0 0 0 0 0 0 0 0 1 1 0 1 0 1 0 0 1 0 1 1 1 1 1 0 0 0 1 1 1 1 0 1 0 1 0 0 1 1 0 1 0 1 1 0 0 1 0 0 0 0 0 1 1 1 0 0 0 1 0 0 1 0 1 0 0 1 1 0 0 0 0 0 0 1 1 1 0 1 0 0 1 0 0 1 1 1 0 1 1 0 1 0 1 0 0 0 0 0 0 0 0 1 1 1 1 0 0 0 1 0 1 2 1 3445.29
2412.85 2 2 2 4 4 4 3 1 4 4 4 2 2 2 0 0 1 0 1 0 1 1 1 0 1 0 0 1 1 1 0 1 1 0 0 1 0 0 1 0 0 1 0 1 1 1 0 1 0 1 1 0 1 0 0 1 1 0 0 1 0 1 1 1 1 0 1 1 0 0 1 0 1 1 1 0 1 1 1 1 0 1 1 0 1 1 1 1 1 1 0 1 1 0 1 1 1 1 1 0 0 0 0 0 0 0 1 0 0 0 0 0 1 1 0 0 0 1 0 1 0 1 1 1 0 1 0 0 1 1 1 0 0 1 0 0 1 1 1 1 1 0 1 1 0 0 1 0 1 1 0 0 1 0 0 1 1 1 1 1 0 1 1 0 1 1 1 1 1 0 1 1 1 1 1 0 0 0 1 1 1 0 1 0 1 0 1 1 0 0 1 0 1 1 1 0 0 0 1 1 0 0 0 1 1 1 0 1 0 1 1 0 0 0 1 0 1 1 0 0 1 3 1 3769.65
3362.63 2 3 3 3 2 2 3 3 2 2 4 1 4 3 1 1 0 0 1 0 1 1 1 1 1 1 1 1 1 0 0 0 1 0 1 0 0 0 0 1 0 1 1 1 1 0 0 0 1 1 0 1 0 1 1 0 1 0 1 0 0 1 0 0 1 0 1 0 1 0 1 0 1 0 1 0 1 0 0 1 0 0 0 0 1 0 0 1 1 0 0 1 1 0 0 0 0 0 1 0 0 1 1 1 1 1 1 1 1 1 0 1 1 1 0 0 0 1 0 1 1 0 1 0 1 1 1 1 0 0 1 1 1 1 1 0 1 1 1 1 0 1 1 1 0 1 0 1 0 0 1 1 0 1 1 1 0 0 1 0 0 0 1 0 0 1 0 1 0 0 0 1 0 1 1 1 0 1 1 0 0 0 0 0 0 0 0 1 0 1 1 0 0 1 0 1 1 1 1 0 0 1 0 1 1 0 0 0 1 0 1 1 0 0 1 0 0 0 0 0 1 2 0 3268.98
2347.65 2 2 4 1 3 3 2 3 1 3 4 4 2 4 1 1 1 0 1 1 1 0 0 1 1 0 1 1 0 1 0 0 0 1 1 0 1 1 1 0 0 1 0 1 0 0 1 1 0 0 0 1 1 1 0 1 0 0 1 1 0 0 0 1 1 0 1 1 1 0 1 1 1 0 1 0 0 1 0 0 1 1 1 1 1 1 0 0 1 0 0 1 1 1 0 1 0 1 1 0 0 0 0 1 1 1 0 0 1 0 0 1 0 1 0 1 0 0 1 1 0 0 0 0 0 0 0 0 0 1 1 1 0 1 0 1 0 0 0 0 0 1 1 0 1 0 1 1 0 0 1 1 0 1 1 0 0 0 0 1 0 0 0 0 1 0 1 0 1 0 1 1 0 1 1 0 1 1 1 1 1 0 1 0 1 1 1 0 0 1 0 0 0 0 1 0 1 0 1 0 0 1 1 0 1 1 0 0 1 1 1 0 0 0 0 0 1 1 0 1 0 3 0 2448.58
3851.89 1 3 1 3 4 1 1 1 1 2 3 3 1 2 0 0 1 0 0 0 0 0 1 1 0 0 1 1 0 1 0 0 0 0 0 1 1 1 1 1 1 1 0 0 1 0 1 0 0 1 0 1 1 0 1 0 1 1 1 1 1 1 0 0 0 1 0 0 0 1 0 1 0 1 0 0 1 0 1 0 0 0 0 1 0 0 1 1 0 0 0 1 1 1 0 0 1 0 1 0 1 0 0 1 1 0 1 1 0 0 0 1 0 1 0 0 1 1 0 1 0 1 1 1 0 1 1 1 0 1 1 1 1 1 1 0 0 1 0 1 1 0 0 1 0 1 1 0 1 1 1 0 0 0 1 1 0 0 0 0 1 0 0 0 0 0 0 1 1 1 1 1 0 0 0 0 0 0 0 1 0 1 0 1 1 0 1 0 1 1 0 1 0 1 1 1 1 0 0 1 1 0 1 0 0 0 1 0 1 1 0 1 1 1 1 0 1 1 1 0 1 3 1 3769.87
4281.74 2 2 3 2 4 2 2 2 3 1 2 1 1 4 1 1 1 1 1 0 1 0 0 1 1 1 1 1 0 1 0 1 0 0 1 1 0 1 1 1 1 0 1 1 0 1 1 0 0 0 1 1 1 0 1 0 1 1 0 0 0 1 0 1 1 1 1 1 0 1 0 0 1 0 0 0 0 0 0 1 1 1 0 0 1 1 0 0 1 1 0 1 0 1 0 0 0 1 1 1 0 1 1 1 1 0 0 0 0 1 0 0 0 0 0 1 1 1 0 0 1 0 0 0 0 0 0 0 0 1 1 1 1 0 0 1 1 1 1 1 0 1 1 0 1 0 1 0 1 1 0 1 0 0 0 0 1 1 1 0 1 1 0 0 1 1 0 1 0 0 1 1 1 1 0 0 0 1 1 1 1 0 1 0 1 0 0 0 0 0 0 1 1 1 0 1 1 1 0 1 0 1 0 0 0 0 1 0 1 0 0 1 0 1 1 1 0 1 1 0 0 2 1 3042.56
2188.91 2 2 1 3 2 1 2 2 3 3 3 3 4 3 0 1 0 0 1 0 1 1 1 1 0 1 0 1 1 1 1 0 0 0 1 0 1 1 0 0 1 0 0 0 0 1 0 0 0 1 1 1 0 0 1 1 1 0 1 0 0 0 0 1 0 1 1 0 1 1 0 1 0 1 1 0 1 1 0 1 1 0 1 0 0 0 1 1 0 1 0 1 0 1 0 0 1 0 0 0 1 1 0 0 1 1 1 0 0 1 1 0 1 1 0 0 1 0 1 0 0 0 0 0 1 1 1 0 1 0 1 1 0 1 0 1 1 1 1 1 0 0 0 0 0 1 0 0 0 0 0 1 0 1 1 0 1 1 1 0 0 1 1 1 1 1 1 0 0 0 1 0 0 0 1 0 1 0 1 0 1 1 0 1 0 0 0 1 0 0 0 0 1 1 1 0 1 0 1 0 1 1 0 1 0 0 1 0 0 0 1 0 1 0 0 0 1 1 0 0 1 2 1 3978.33
2340 3 2 1 4 2 2 2 2 4 2 3 3 1 2 1 0 0 1 1 1 1 0 0 0 0 0 1 1 0 0 1 0 1 0 0 0 0 1 0 1 0 1 1 0 0 1 0 0 0 0 1 1 0 0 0 0 1 1 0 1 0 1 1 1 0 0 0 0 1 0 1 0 1 1 0 1 1 0 1 0 1 1 0 1 0 0 1 0 1 0 1 0 1 0 1 0 1 1 0 0 0 0 1 0 0 0 0 1 1 1 0 1 1 1 1 1 0 0 0 0 0 0 1 0 1 1 0 1 0 1 1 0 0 0 1 0 0 1 1 0 0 1 0 1 1 0 1 1 0 1 1 0 0 0 1 1 0 1 0 0 1 0 0 1 0 1 1 1 0 0 0 1 0 1 1 1 1 0 0 1 1 0 0 0 0 0 0 1 0 1 0 0 1 0 1 1 1 0 0 0 1 0 0 0 0 1 0 0 0 1 0 0 0 0 1 0 1 0 1 0 0 2 0 3779.98
2398.14 1 2 1 3 4 2 1 2 2 4 2 4 3 3 1 0 1 1 0 1 0 1 0 1 0 0 1 1 0 1 1 1 0 1 1 1 0 1 0 0 0 1 0 0 0 1 0 0 1 0 1 1 0 1 1 1 1 1 1 0 1 1 1 0 0 1 1 0 1 0 0 1 1 0 1 0 1 0 0 1 0 1 0 0 0 1 0 0 0 1 0 0 1 1 1 1 0 1 1 0 0 1 0 0 1 1 1 0 1 1 0 0 1 1 0 1 1 0 0 1 0 0 1 1 0 0 0 1 0 0 0 1 0 0 0 1 1 0 1 1 1 0 0 1 1 0 1 0 0 1 1 1 0 0 0 0 1 0 0 0 1 1 0 1 0 0 0 0 0 1 1 1 0 0 1 1 0 0 0 1 1 0 0 0 1 0 1 0 0 1 1 0 0 0 1 1 0 1 1 1 1 0 1 0 1 1 1 1 1 1 1 1 1 1 0 0 0 0 1 1 1 2 1 2573.08
2689.18 4 3 2 2 4 3 3 4 2 4 2 2 2 1 0 0 1 0 0 0 1 0 0 0 0 1 0 1 1 0 0 0 0 0 0 0 0 1 1 0 1 1 0 1 0 1 1 1 1 0 0 1 0 1 0 0 0 0 0 0 1 1 1 1 0 1 0 1 1 0 0 0 1 1 1 1 1 0 0 1 1 0 1 1 1 1 0 0 0 0 1 1 0 1 0 1 0 1 0 0 0 1 1 1 0 1 1 0 1 1 0 0 0 1 0 0 0 0 0 0 0 0 1 0 0 1 1 0 1 1 1 0 1 1 0 0 0 0 1 1 1 0 1 0 1 0 0 1 0 0 0 1 0 1 0 1 1 0 1 0 1 1 0 1 0 0 0 1 0 1 1 0 0 0 1 1 1 1 1 0 0 1 0 0 1 1 0 0 0 1 0 0 1 0 0 0 1 1 1 0 0 0 0 1 1 1 0 1 0 1 0 0 1 0 0 0 0 1 1 1 1 3 1 2829.95
2384.82 3 2 2 2 3 2 1 1 1 3 3 1 3 2 0 0 1 1 0 1 1 1 1 0 0 1 1 0 1 1 1 1 1 0 1 0 1 1 0 0 0 0 1 0 0 1 1 0 0 0 0 1 1 1 0 0 1 1 1 0 0 0 0 1 1 1 1 0 1 0 1 0 0 1 0 0 1 0 1 1 1 1 1 1 1 0 0 1 0 0 0 0 1 0 1 0 1 1 0 0 1 0 1 0 1 1 1 0 1 1 1 1 0 1 1 1 1 0 0 1 0 0 1 0 0 0 1 1 1 1 1 1 1 1 0 1 1 1 1 0 1 1 1 0 1 1 1 0 0 0 1 1 1 1 1 1 1 1 0 1 1 0 1 1 0 1 0 0 1 0 1 1 0 1 0 0 0 0 1 1 1 0 0 1 0 1 1 1 0 1 1 1 1 0 1 0 0 0 1 0 1 1 0 0 0 0 1 0 1 0 1 0 0 0 0 1 0 0 1 1 0 1 0 2695.13
3827.94 2 2 2 3 2 2 3 2 4 1 3 3 4 3 1 0 1 1 0 0 0 0 1 0 1 0 1 0 0 0 0 1 1 1 1 1 0 0 1 1 1 0 0 0 1 1 1 1 0 0 0 1 0 0 0 1 0 0 0 1 1 0 0 0 0 1 0 1 1 0 0 1 1 1 0 0 0 0 1 0 1 0 0 1 1 0 0 0 0 0 1 0 1 0 1 0 0 0 0 0 1 0 1 0 0 0 1 1 0 1 0 1 0 0 0 1 1 1 0 1 1 0 0 0 0 1 0 1 0 1 0 0 0 0 0 1 1 0 1 0 0 1 1 1 1 0 1 1 0 1 1 1 1 1 1 1 1 0 0 0 0 1 0 0 1 1 0 1 0 1 1 1 1 0 0 1 0 1 1 1 0 0 0 1 0 0 0 1 1 0 0 0 0 1 1 0 0 1 1 0 0 0 1 0 1 0 1 1 0 1 0 0 1 1 0 1 0 0 0 0 0 2 1 2528.11
3979.44 1 4 3 1 3 1 4 2 1 2 3 3 2 3 1 1 1 1 0 0 0 1 1 0 0 0 0 1 0 0 0 1 1 1 0 1 1 1 1 1 1 0 1 0 1 1 0 0 0 1 1 0 0 0 1 1 0 0 0 0 0 1 1 1 1 0 1 1 1 0 0 0 0 1 1 1 1 1 0 1 0 1 0 1 1 0 0 0 1 1 0 0 1 0 1 1 0 0 1 1 0 1 1 1 1 1 0 1 1 0 1 0 1 1 1 1 1 1 0 0 0 1 1 0 0 1 0 1 0 0 1 0 0 0 0 1 1 0 0 0 1 1 0 1 1 1 1 0 1 1 1 0 0 0 1 0 1 1 0 1 0 0 1 1 1 0 0 1 1 0 0 1 0 0 1 1 1 1 1 0 0 0 0 0 1 0 1 1 0 1 1 0 0 0 1 1 1 1 1 0 1 0 1 1 1 1 0 1 0 1 0 0 1 1 1 1 1 1 0 0 0 2 0 3911.85
3952.14 2 4 1 4 3 1 4 4 3 3 3 2 3 3 0 1 1 1 1 0 1 1 1 0 1 1 1 0 0 0 1 1 0 0 0 1 0 0 1 0 0 0 1 0 1 0 0 0 0 1 0 0 0 0 0 0 1 1 1 0 0 0 0 1 0 1 0 0 0 1 1 1 1 0 1 1 1 1 1 1 0 0 0 0 0 1 1 1 1 0 1 1 1 1 1 1 1 1 1 0 1 0 1 1 1 0 0 1 1 0 1 1 1 0 0 0 0 1 0 1 0 1 0 1 1 0 1 1 1 1 1 1 0 0 1 1 0 1 1 1 0 1 1 1 1 0 0 1 1 1 1 0 0 0 1 0 1 1 1 1 1 1 1 0 1 1 1 1 1 1 0 1 0 1 1 1 1 0 1 0 0 1 1 0 1 1 0 0 0 1 0 1 1 1 0 1 1 1 0 1 1 1 0 0 1 0 0 0 1 1 1 1 1 1 1 1 1 0 0 0 0 2 0 3778.45
2276.50 2 4 3 4 1 2 3 2 3 4 3 4 3 1 0 0 1 1 1 1 1 0 0 0 1 0 1 1 0 0 1 0 0 0 0 1 0 1 0 0 0 1 1 1 0 0 1 0 1 0 1 1 0 0 0 0 0 0 0 1 1 0 0 0 1 1 0 1 0 1 1 1 0 0 1 1 1 1 1 1 0 0 0 1 1 0 0 1 1 0 1 0 1 1 0 0 1 0 1 0 0 1 0 1 0 0 1 1 0 1 0 0 1 0 0 0 0 1 0 0 1 1 0 0 1 0 1 0 1 1 0 0 1 1 0 0 1 1 0 1 1 0 1 0 0 1 1 1 0 0 0 1 1 1 0 1 1 1 1 1 0 0 1 1 0 0 0 0 1 1 0 1 1 0 1 1 0 1 1 0 1 1 1 0 1 1 1 0 1 0 0 1 1 0 1 0 1 1 1 1 0 1 0 1 0 0 1 1 0 1 1 0 0 0 0 0 0 1 1 0 1 2 1 2828.68
3769.29 3 2 2 3 3 1 4 3 2 2 3 2 2 1 1 0 0 1 0 0 1 0 1 0 1 0 1 1 1 0 0 0 1 1 1 1 0 1 0 1 1 1 0 1 0 0 0 1 0 1 0 0 1 1 1 1 1 1 0 1 1 1 1 0 1 0 0 1 0 0 0 1 1 0 0 1 0 1 1 1 1 0 1 0 1 1 1 0 1 1 1 0 0 0 1 1 1 0 0 1 0 1 0 1 1 0 1 0 0 0 1 0 0 1 1 0 1 0 0 0 0 0 0 1 0 0 1 1 1 1 0 0 1 1 1 0 0 0 0 0 0 0 1 1 1 1 1 1 0 0 0 0 0 1 1 0 1 0 1 0 1 1 0 0 0 0 0 0 0 1 0 0 0 0 0 1 1 1 0 1 0 0 0 0 0 1 0 1 1 0 0 0 1 1 1 1 1 1 1 1 1 1 1 0 1 0 1 1 1 1 0 1 1 0 0 1 0 1 0 1 0 2 1 3437.03
2809.71 3 4 2 4 1 3 2 2 2 3 3 2 3 1 0 1 0 1 1 0 0 0 0 0 0 0 0 0 1 1 1 1 0 0 1 0 1 1 0 0 0 1 1 0 0 0 0 0 1 1 1 1 1 0 0 0 0 1 1 1 0 1 0 1 0 0 0 0 1 0 0 1 1 0 1 0 1 1 1 0 0 1 1 1 0 1 0 0 1 1 0 1 0 0 1 1 1 1 1 0 0 1 0 0 0 1 1 0 0 0 0 0 0 1 1 0 0 1 1 1 0 0 0 1 1 1 1 1 0 0 1 0 1 0 0 1 0 1 0 0 0 0 0 1 0 1 0 0 0 1 0 0 1 1 1 0 0 0 1 1 1 0 1 1 0 1 0 1 1 0 1 1 1 0 1 1 1 1 0 0 1 1 0 1 1 0 1 1 1 1 0 1 0 1 1 0 0 1 0 1 1 1 1 0 0 0 0 0 1 1 1 0 1 1 1 0 0 1 0 0 1 1 1 3293.76
3424.88 4 2 3 2 3 3 3 4 3 4 3 4 2 3 0 0 1 1 0 1 1 0 1 1 1 1 1 1 0 1 1 1 0 0 0 0 1 0 1 0 0 0 1 0 1 1 0 0 0 0 1 1 0 1 0 1 0 0 0 0 1 1 1 1 1 1 1 1 0 1 1 1 0 0 1 1 1 1 1 1 1 0 1 0 1 1 0 1 1 1 0 0 1 0 0 1 1 1 1 0 1 1 0 1 1 0 0 0 1 1 0 0 0 0 0 0 0 1 0 0 1 0 1 1 0 0 0 0 1 1 1 0 0 1 0 0 0 0 0 1 0 0 1 0 0 1 1 1 0 1 1 0 0 0 1 0 0 0 1 1 1 0 0 1 0 1 0 1 1 0 0 0 1 0 1 0 1 1 0 1 1 1 1 0 1 1 1 1 0 1 1 0 0 1 0 1 1 0 1 0 1 1 1 0 0 0 1 1 1 1 0 1 1 1 1 1 0 0 0 0 1 1 0 2197.07
3437.31 2 2 3 3 1 4 1 3 4 2 2 1 1 4 0 0 0 1 1 0 1 0 1 0 1 1 1 0 1 1 0 1 0 1 0 1 1 0 0 0 0 1 1 1 1 1 0 0 1 1 0 1 0 1 1 0 1 1 0 0 1 1 0 0 0 0 1 1 0 1 0 0 1 0 1 0 0 1 0 0 0 0 1 0 0 1 0 0 1 0 1 1 0 0 1 0 1 1 0 0 1 0 1 1 0 0 0 1 1 1 0 1 0 0 1 1 1 0 0 0 0 1 0 0 1 0 0 1 1 1 0 0 1 1 0 1 1 1 1 0 1 0 1 1 0 0 1 0 0 0 1 0 0 0 1 1 1 0 1 0 1 0 0 0 1 1 0 0 0 0 1 0 0 0 1 1 0 0 1 1 0 0 0 0 1 1 1 1 0 0 1 0 1 0 1 0 1 1 1 1 1 0 0 1 1 0 0 0 1 0 0 0 0 0 1 0 0 1 0 0 0 2 1 2577.41
2198.95 3 3 2 2 2 4 4 2 1 2 1 4 2 2 1 1 0 0 1 0 0 1 0 1 1 0 0 0 0 0 0 0 0 1 1 0 0 0 0 1 0 1 0 0 1 1 0 1 1 1 1 0 0 0 1 0 1 0 0 1 1 0 0 1 0 1 1 1 1 1 0 0 0 1 1 1 1 1 0 0 1 1 0 0 0 0 0 1 1 0 1 0 0 1 0 0 0 1 1 0 0 0 1 1 0 1 1 1 1 0 0 1 0 0 1 0 1 0 1 0 0 0 0 0 0 0 0 1 0 1 1 1 1 1 0 1 0 1 0 1 0 0 0 1 0 1 0 0 1 0 1 1 1 1 0 1 0 1 0 1 0 1 1 0 0 1 1 0 0 0 0 0 0 1 1 1 1 1 0 1 0 0 0 1 1 1 1 0 0 0 0 1 1 1 0 0 0 1 0 0 1 1 0 1 0 0 1 1 1 1 1 1 0 1 0 0 1 0 0 0 1 2 0 2597.61
3432.83 4 4 3 4 2 3 3 1 3 4 3 3 3 1 0 1 0 1 1 0 1 1 0 1 0 1 0 0 0 0 0 1 0 1 1 1 0 1 0 0 1 0 1 0 0 1 0 1 0 0 1 0 0 1 1 1 1 0 1 1 1 0 1 0 0 1 1 0 0 0 0 1 1 0 1 1 0 1 1 0 0 0 1 0 0 0 1 0 0 0 0 0 0 1 1 1 0 0 0 0 1 0 1 1 0 1 1 0 1 0 0 1 0 0 1 1 0 1 0 1 0 1 1 0 0 0 0 0 1 1 0 0 1 0 0 1 0 0 0 0 1 0 0 1 0 1 1 0 1 1 0 1 1 0 0 0 0 1 1 1 0 1 0 1 1 0 0 1 0 1 0 1 0 1 0 1 0 0 0 1 1 0 1 0 0 0 0 0 0 0 0 0 1 0 0 0 1 1 1 0 1 0 1 1 1 1 1 1 0 1 0 1 0 0 0 1 0 1 0 1 1 2 0 3425
2992.27 3 2 1 4 2 4 4 3 4 3 4 1 4 2 1 1 1 1 0 1 0 0 1 1 0 1 0 1 0 1 1 0 1 0 1 0 1 0 0 1 0 1 1 1 1 0 1 0 0 1 1 1 0 0 0 0 1 0 1 0 0 1 1 1 1 0 0 1 1 1 0 1 1 0 0 0 1 0 1 1 1 0 1 1 0 0 0 0 1 0 1 1 0 0 1 0 0 0 1 1 0 1 0 1 0 0 0 1 1 0 1 0 1 1 0 1 0 0 1 0 0 0 0 0 0 0 0 1 0 1 0 0 0 1 0 1 1 1 1 1 1 0 1 1 0 0 0 0 0 0 1 0 1 1 1 0 1 1 0 1 0 0 0 0 0 1 0 0 1 1 1 0 1 0 0 0 1 0 1 1 1 1 0 0 1 1 1 0 1 1 0 0 1 1 1 0 0 0 0 0 0 0 0 1 0 1 1 0 0 1 1 0 1 1 0 0 0 1 1 0 0 2 1 2277.20
3750.86 1 2 1 2 2 3 3 2 1 3 4 3 2 1 0 1 1 0 1 1 1 0 1 0 1 1 1 0 0 1 1 1 1 1 1 0 0 0 0 1 0 0 0 1 1 1 0 0 1 0 1 1 1 0 1 1 1 1 1 0 1 0 0 1 1 0 1 1 1 0 1 0 1 0 0 1 1 0 0 1 1 1 1 1 0 0 0 0 1 1 1 0 0 1 0 0 1 1 1 0 0 1 1 0 1 0 0 0 0 0 0 1 1 0 0 1 1 1 1 0 0 0 0 1 1 1 1 0 0 1 1 0 1 1 1 0 0 0 0 1 0 0 0 0 1 1 0 1 0 1 1 0 1 0 1 0 0 0 0 0 0 0 1 1 0 0 1 0 0 0 0 1 0 0 0 1 0 0 1 0 0 1 0 1 0 0 1 1 1 0 0 1 0 0 0 0 1 0 1 1 0 1 0 0 0 1 1 1 1 1 1 0 1 0 0 0 1 1 0 1 0 2 0 3748.13
4264.22 3 4 1 4 4 2 1 4 3 2 1 3 1 3 1 0 1 0 1 1 1 1 0 0 1 1 1 0 1 1 1 0 0 1 0 0 0 1 1 0 1 1 1 1 1 0 1 1 0 0 0 0 1 1 1 1 1 1 1 0 1 0 0 1 1 0 0 0 1 1 1 1 1 0 1 1 1 0 0 1 1 0 1 0 1 0 1 0 1 0 0 0 1 1 0 0 1 1 1 0 1 0 1 1 1 1 0 0 1 1 0 0 1 0 0 0 1 1 1 0 1 0 1 0 1 0 0 0 0 1 0 0 0 0 0 0 1 0 0 1 1 0 0 0 1 1 0 0 0 1 0 0 1 0 1 1 0 0 0 1 1 1 0 1 1 0 0 1 0 1 1 1 1 1 1 1 0 0 0 1 0 0 1 0 1 1 0 0 0 1 1 1 0 1 1 0 1 1 1 1 0 1 1 1 1 0 1 1 1 0 0 1 0 1 0 0 1 1 0 1 0 3 1 3661.12
3911.82 1 1 3 2 3 3 2 2 3 3 3 3 1 3 1 0 1 1 0 0 0 0 1 0 1 0 1 0 1 0 1 1 1 0 0 0 1 0 0 1 0 0 1 1 1 1 1 1 1 1 1 0 1 1 1 0 1 1 1 0 1 0 0 1 0 0 1 0 0 0 1 1 0 1 1 0 0 0 1 0 1 0 1 1 0 0 0 1 1 1 1 1 1 0 0 1 0 0 0 0 0 1 1 1 0 0 0 0 0 1 1 1 0 0 1 0 1 0 0 0 1 0 0 0 1 1 1 1 0 0 0 0 0 0 0 0 0 1 0 0 0 1 1 1 0 0 1 0 0 0 0 0 1 0 1 0 1 0 0 0 0 1 0 1 0 1 1 1 1 1 0 1 0 1 1 1 1 0 1 0 0 0 1 0 0 0 1 1 1 0 0 1 0 0 1 1 0 1 1 1 0 0 1 1 0 0 1 0 1 1 1 1 0 0 0 1 1 0 1 1 0 2 1 4096.98
3062.41 2 2 3 1 3 3 3 1 4 3 4 2 2 2 1 0 1 1 1 0 1 0 0 1 0 1 1 0 1 0 1 0 1 1 0 0 0 0 1 1 0 1 0 1 0 1 1 1 0 1 0 1 1 1 1 0 0 0 1 0 0 0 1 1 1 0 0 1 0 0 0 1 1 1 1 1 1 1 1 0 0 0 0 1 1 1 0 1 1 1 1 0 0 0 1 1 0 0 0 1 0 1 1 0 0 1 0 1 0 0 1 1 1 0 0 1 0 1 1 1 0 0 0 0 0 1 1 1 0 1 0 1 0 0 0 0 1 0 0 1 1 1 1 1 0 0 1 1 0 1 0 0 1 0 1 0 0 1 0 1 1 1 0 0 1 1 0 1 0 0 0 1 1 1 0 1 0 0 0 0 1 0 0 0 0 0 0 1 1 0 0 1 0 1 1 0 0 1 1 0 1 0 1 0 0 0 0 0 0 1 0 1 0 1 0 1 0 0 0 0 0 1 0 2518.95
3041.28 1 3 3 2 3 4 4 4 3 3 1 3 1 4 0 1 1 1 1 1 0 0 1 1 0 1 1 0 1 1 1 1 0 1 1 1 0 0 0 0 1 1 0 1 0 0 1 0 1 1 0 0 1 1 0 1 1 1 0 0 0 1 1 1 0 0 1 1 0 0 1 1 1 0 0 1 1 1 1 1 0 0 1 1 1 0 1 1 0 0 1 1 1 0 0 1 1 0 0 0 0 1 1 0 0 1 1 0 0 1 0 1 0 0 0 0 1 0 0 1 0 1 1 1 1 1 1 1 1 0 0 0 1 0 1 1 0 0 1 0 1 0 0 0 1 1 0 1 0 0 1 1 0 0 0 1 0 0 0 1 0 1 0 1 1 1 0 1 1 1 0 0 1 1 0 0 0 1 0 1 1 0 1 0 0 0 1 1 0 0 0 0 0 1 1 0 1 1 0 1 1 1 0 1 0 1 1 0 0 1 0 1 0 0 0 0 1 1 1 0 1 1 1 3635.37
3841.08 2 2 2 3 3 3 1 4 3 2 2 3 2 3 1 1 0 1 1 0 1 0 1 0 0 1 1 1 0 1 1 0 1 1 1 0 0 0 0 1 0 1 0 1 0 1 1 0 1 1 0 0 0 1 1 0 1 0 0 1 1 1 0 1 1 0 1 0 1 1 1 1 1 0 1 1 0 0 0 1 1 1 0 0 0 0 0 0 1 1 0 1 1 1 0 1 0 1 1 1 1 1 1 0 0 0 0 0 1 1 0 0 1 1 0 0 1 0 1 1 1 1 1 1 1 1 1 0 1 1 1 0 0 0 0 1 0 1 1 1 0 0 1 0 1 1 0 0 1 0 1 1 0 0 1 1 1 1 0 0 0 1 1 0 0 1 0 1 1 0 1 0 0 1 1 0 0 1 1 0 1 1 1 1 1 0 1 0 0 0 0 0 1 0 1 0 1 0 0 0 0 0 0 0 0 0 0 0 1 1 0 1 0 0 1 1 0 0 0 0 0 1 1 2497.04
3310.86 4 2 3 2 4 1 3 2 1 3 4 3 3 2 1 1 1 1 0 0 0 0 1 0 1 0 0 0 0 1 1 1 0 0 1 0 0 0 0 0 0 1 0 1 1 0 0 1 1 0 0 1 0 0 0 0 0 0 1 0 1 1 1 0 0 1 1 0 0 1 0 0 0 1 1 1 0 1 1 1 1 1 0 1 0 0 0 1 0 1 1 0 0 1 1 0 1 0 0 1 0 1 1 0 1 0 1 1 0 1 1 0 1 0 0 1 0 1 1 0 1 1 1 1 1 0 0 1 0 1 1 1 1 1 0 0 0 0 1 1 1 0 1 0 0 1 0 0 0 0 0 0 1 0 1 0 1 1 0 0 0 0 1 1 1 1 1 1 1 1 0 0 1 1 0 0 1 0 1 0 0 0 0 1 1 0 0 1 1 0 1 0 0 0 0 1 0 1 0 0 0 1 1 0 1 1 0 1 1 0 0 1 0 0 1 0 1 0 1 0 1 1 1 3753.26
3773.49 2 1 3 2 2 3 4 3 4 2 1 3 3 4 0 1 1 0 1 1 1 0 0 1 0 0 0 1 1 0 1 0 0 1 1 1 0 1 1 0 0 0 1 0 1 0 1 1 0 0 0 1 1 1 0 1 0 0 0 1 0 0 0 1 0 1 1 1 0 0 1 1 1 1 1 0 0 1 0 0 0 0 1 0 1 1 0 0 1 0 1 0 1 0 0 0 1 0 0 1 0 1 0 0 1 1 0 0 0 0 1 0 0 1 0 0 1 1 1 0 1 1 0 1 0 1 1 1 0 1 1 0 0 0 0 0 0 0 0 1 0 0 0 1 1 1 1 1 1 0 0 0 0 1 1 0 0 0 0 1 1 1 0 1 0 0 1 0 0 1 1 1 1 1 0 1 0 1 1 1 1 1 0 1 1 1 1 0 0 1 1 0 1 0 1 0 0 0 0 1 1 1 1 1 1 1 1 0 1 1 1 1 0 1 0 0 0 0 0 1 0 1 1 3982.07
3039.35 2 3 1 2 4 3 2 4 3 3 1 3 1 3 0 0 0 0 0 0 0 1 1 1 1 0 0 1 1 0 1 0 1 0 0 0 0 1 0 0 1 0 0 1 0 1 0 1 0 1 1 1 0 0 0 0 0 1 0 1 0 1 0 1 0 1 0 1 1 0 1 0 1 0 1 1 1 0 0 1 0 1 1 1 0 1 1 0 0 0 0 0 1 1 1 1 0 0 1 0 0 1 0 0 0 0 1 0 0 0 0 1 1 1 0 0 0 1 1 0 1 0 0 1 1 0 0 0 0 1 1 1 0 1 0 0 0 1 1 1 0 0 0 1 1 0 1 1 0 1 1 1 1 1 1 0 0 0 1 1 0 1 1 1 0 1 0 0 1 1 0 1 1 1 1 0 0 0 1 0 0 0 1 1 1 0 1 0 0 0 0 1 1 0 1 0 0 1 0 1 1 1 1 1 1 0 0 1 0 1 1 1 1 0 1 1 1 0 1 0 1 2 0 3776.75
2434.36 2 4 1 2 3 3 3 3 3 4 4 2 4 4 1 1 0 0 1 1 1 0 1 0 0 0 0 1 0 1 1 1 0 1 1 1 1 1 1 0 0 0 1 1 1 0 1 1 1 0 1 1 0 0 0 0 0 0 0 0 0 1 0 1 0 1 1 0 1 0 1 1 1 0 0 0 1 1 0 1 0 1 1 0 0 0 1 0 0 0 0 1 0 0 1 0 0 0 0 0 0 1 1 0 0 1 1 0 0 1 1 0 0 1 0 1 1 1 1 1 1 1 1 1 0 1 0 1 0 1 1 1 1 1 0 0 0 0 0 0 1 1 0 1 1 0 0 0 0 1 1 0 0 0 1 0 1 0 0 1 0 0 0 1 0 0 1 1 0 1 0 0 1 0 1 0 0 0 0 1 1 0 0 1 0 0 1 0 1 0 1 1 0 0 1 1 1 1 0 1 0 1 1 1 1 1 0 1 1 0 1 1 0 1 1 0 0 1 0 1 0 2 0 2147.98
3868.24 4 2 3 2 3 3 2 4 2 3 2 1 4 1 1 0 1 1 1 1 1 0 1 0 0 1 1 1 1 0 1 0 0 1 1 0 0 0 1 0 1 0 0 0 0 1 1 1 0 1 1 1 0 1 1 1 0 0 1 1 0 0 0 0 0 0 1 1 1 1 1 1 0 1 1 0 1 0 0 0 1 0 0 0 0 0 0 1 0 1 0 1 1 0 0 1 1 1 0 0 1 0 0 1 1 0 1 1 0 0 0 0 0 1 1 0 1 1 1 1 1 0 0 1 1 1 1 0 0 0 0 0 0 0 1 0 0 0 0 1 1 0 0 0 1 1 0 0 0 1 0 0 0 1 1 0 1 1 1 0 0 1 0 1 0 1 0 0 0 0 1 0 0 0 1 0 1 0 1 0 1 1 1 1 0 1 1 0 1 1 0 1 1 1 1 0 0 0 1 1 0 1 0 1 0 0 1 0 1 0 0 1 0 0 1 0 0 1 1 0 0 2 0 2859.08
2851.15 2 4 4 2 2 2 3 3 4 2 2 3 1 1 0 0 1 1 1 1 1 0 1 1 0 0 1 1 1 1 0 1 1 1 1 1 1 0 0 1 1 1 1 0 0 0 0 0 1 0 1 0 1 1 1 1 1 0 1 1 0 0 1 1 1 0 1 1 1 1 1 0 1 0 1 0 0 0 1 1 1 1 1 0 0 1 0 1 1 1 0 0 0 1 1 1 1 0 0 0 0 0 0 1 1 1 1 1 0 0 0 0 0 1 0 1 0 1 0 0 0 1 1 1 1 1 1 0 1 1 0 0 1 1 0 0 0 0 1 1 0 1 1 0 0 1 1 1 0 0 1 1 1 0 0 0 0 0 1 1 1 0 1 0 0 1 1 1 0 1 1 1 0 1 0 0 1 0 0 1 0 0 0 0 1 0 0 1 0 0 0 1 1 0 1 0 0 0 0 0 0 0 0 1 0 1 1 0 1 0 0 0 1 1 1 1 0 1 1 1 1 1 1 2448.81
2946.21 3 4 2 2 4 3 2 2 2 2 2 3 3 3 0 1 1 1 0 1 0 0 1 0 0 1 0 0 1 0 1 0 1 0 1 1 0 1 1 0 0 0 0 1 1 1 0 0 0 1 1 0 1 0 0 0 0 1 1 0 0 1 0 1 0 1 0 1 0 0 0 0 1 1 0 0 1 0 0 0 0 0 0 0 1 0 0 1 1 0 1 0 0 0 1 0 0 1 1 0 0 1 1 0 0 0 1 0 0 1 1 1 0 0 0 1 1 0 0 0 1 0 1 1 1 0 1 1 0 1 0 1 0 1 1 1 0 0 1 0 0 0 0 1 1 0 0 1 0 1 0 1 1 1 0 0 0 1 0 0 0 0 0 1 0 0 0 1 1 0 1 1 0 1 0 0 1 1 0 0 1 0 1 0 1 1 1 0 0 0 0 1 0 1 0 0 0 0 1 1 1 1 0 1 0 0 1 1 0 1 0 1 1 1 1 0 1 0 0 1 0 3 1 3093.62
2637.89 3 3 3 2 3 4 2 2 2 1 2 2 3 3 1 0 0 0 0 1 0 0 0 1 0 1 0 1 0 1 1 0 1 1 0 1 1 1 1 0 1 1 0 0 1 1 1 1 1 0 0 1 0 1 0 1 1 1 1 1 0 0 0 0 1 0 1 1 1 1 1 1 0 1 1 0 0 0 0 0 1 1 1 0 0 1 1 0 0 0 1 0 1 0 1 0 1 1 1 0 1 1 0 1 0 0 0 1 0 1 0 1 1 0 0 0 1 1 0 1 1 0 0 0 1 0 1 0 1 0 0 1 1 0 0 1 1 1 1 1 0 0 0 0 1 1 1 1 0 1 1 0 0 1 1 1 1 1 0 0 1 0 1 0 1 0 0 1 0 0 1 1 1 1 0 1 0 0 0 0 0 0 0 1 0 0 0 0 0 1 1 1 1 0 1 1 0 1 1 1 0 0 1 1 0 1 0 1 1 1 1 0 0 1 0 0 0 0 1 0 0 2 0 3832.21
2881.01 2 2 4 3 3 2 4 3 1 1 2 3 4 4 1 1 0 1 1 1 1 1 0 0 1 0 0 1 1 0 0 0 1 1 0 1 1 1 1 0 0 0 1 1 0 1 0 1 0 0 0 0 0 0 0 0 1 1 0 0 1 0 1 1 1 1 0 0 0 1 1 0 1 0 0 1 0 0 1 0 0 1 1 1 1 0 0 0 1 1 1 1 0 0 0 1 0 0 1 0 1 0 1 0 1 1 0 0 1 1 0 1 0 1 1 0 1 1 1 1 1 0 1 0 1 0 1 1 1 1 0 1 0 0 0 0 1 0 1 1 0 0 0 1 1 1 1 0 0 0 1 0 0 0 1 1 1 0 1 0 0 0 0 1 0 0 1 0 0 1 1 0 1 0 0 1 1 1 0 1 1 0 1 0 1 0 0 0 0 0 0 0 1 1 0 1 1 0 0 0 0 0 1 0 1 1 0 0 0 1 0 1 1 1 1 1 0 1 0 1 0 3 1 3576.15
2375.41 2 3 3 2 2 3 2 2 2 3 1 3 3 3 1 1 0 0 0 1 0 0 1 0 0 0 1 1 0 1 0 0 0 0 0 1 1 1 0 0 1 1 1 0 1 1 1 1 0 1 1 1 0 0 0 0 1 1 0 0 0 0 0 1 1 0 0 0 0 1 0 0 1 1 1 0 1 0 0 1 0 1 0 0 0 1 0 0 0 1 1 1 0 0 1 1 1 0 0 1 0 1 0 1 1 1 0 0 1 0 0 0 0 1 0 0 0 1 1 1 1 1 1 1 0 0 0 1 0 1 0 0 0 1 0 1 0 1 1 1 0 1 1 0 0 0 0 0 0 0 1 0 0 0 0 1 0 1 1 1 0 1 1 0 1 0 1 0 0 1 0 1 1 0 0 0 1 1 0 1 1 1 0 0 1 0 0 0 0 0 1 1 1 1 0 1 0 0 1 0 1 1 1 0 0 0 0 0 0 1 1 0 0 1 1 1 0 0 0 1 1 1 1 3183.24
3810.31 3 1 3 4 3 2 3 3 1 3 2 2 1 1 1 1 1 1 0 0 1 0 1 1 0 1 1 1 1 0 1 0 1 1 0 0 0 0 1 1 0 0 1 1 1 1 1 0 1 1 1 0 0 0 0 0 1 0 0 1 1 1 1 0 1 0 0 1 0 1 1 1 1 0 0 0 0 1 1 1 0 0 0 0 1 0 0 1 0 1 0 1 1 0 1 0 0 0 1 1 1 1 1 1 1 0 0 0 1 1 0 0 0 0 1 0 1 0 1 1 1 1 0 0 1 0 0 1 1 0 0 0 0 1 0 0 1 0 1 1 1 0 0 0 0 1 1 0 0 1 0 1 1 1 1 1 0 0 0 1 1 0 1 0 0 1 0 0 1 0 1 0 0 1 0 1 1 1 0 1 0 1 0 1 0 0 1 0 0 1 1 0 1 0 0 1 0 1 1 1 1 1 0 0 0 1 1 0 0 1 1 0 1 0 1 1 1 1 1 0 0 2 1 2798.76
2570.91 2 1 3 1 2 3 3 1 3 1 2 3 1 4 1 1 0 1 0 1 0 1 0 1 0 1 0 1 0 1 1 1 0 0 0 1 0 1 0 0 1 1 1 1 0 0 0 0 0 0 1 0 1 1 0 1 0 1 0 1 0 1 0 1 0 0 1 0 1 0 1 0 1 1 0 1 0 1 0 0 0 0 1 0 0 0 0 1 1 0 1 0 1 1 1 0 0 0 0 0 0 1 0 0 1 0 0 0 1 1 1 0 1 0 0 1 0 1 0 1 0 0 0 1 1 1 1 1 0 1 1 1 1 1 1 0 1 0 1 0 0 1 0 0 0 1 1 0 1 0 1 1 0 1 0 1 1 1 0 1 0 1 0 1 1 0 1 0 1 0 0 1 1 0 0 0 1 1 1 0 1 0 1 0 1 0 1 1 1 1 0 0 0 1 1 0 1 0 1 1 0 0 0 0 0 1 0 0 1 1 1 1 1 0 1 0 0 1 1 1 0 3 1 2933.88
4158.50 2 2 1 4 3 2 4 2 2 3 2 2 3 4 1 0 1 0 1 1 0 0 0 0 1 0 1 1 0 0 0 1 1 1 1 1 0 1 0 0 0 0 0 1 1 0 1 0 0 1 0 1 0 1 1 1 1 1 0 0 1 0 0 0 0 0 0 0 1 0 0 0 0 1 1 1 1 1 0 1 0 1 0 0 1 0 0 0 1 1 0 1 1 1 0 1 1 1 0 0 1 1 1 1 0 1 0 1 1 1 1 0 0 1 1 0 0 1 1 0 1 0 0 0 0 1 1 1 0 1 0 0 0 0 0 1 0 1 0 0 0 1 0 1 0 1 1 0 1 1 1 0 1 1 0 0 0 1 0 0 1 1 0 0 0 1 1 0 1 0 0 1 0 0 0 0 0 0 1 0 0 1 0 0 1 1 1 0 0 1 1 0 0 1 0 0 0 1 1 0 1 1 0 0 0 1 1 0 1 0 0 1 0 0 1 1 1 0 0 0 0 2 0 3061.64
3834.90 3 3 3 2 3 2 4 3 1 2 4 2 2 2 0 0 1 0 0 0 1 0 1 1 0 1 0 1 1 0 0 0 1 1 0 1 1 1 1 1 0 0 0 0 1 1 0 0 0 1 0 1 1 0 0 0 0 0 1 1 1 1 1 0 1 0 1 0 1 1 0 1 1 0 1 0 1 0 0 0 1 1 1 0 0 0 0 0 1 0 0 1 1 0 1 1 1 0 1 0 0 1 1 0 1 0 0 1 0 1 0 1 1 1 1 1 1 1 1 1 0 1 0 1 0 1 0 1 1 1 0 0 0 1 1 1 0 0 1 1 0 0 1 0 1 1 1 1 1 1 1 0 0 0 0 1 0 1 0 0 1 0 0 1 0 1 0 0 0 1 0 0 0 0 1 0 1 1 0 0 0 0 1 0 1 0 0 0 0 1 1 0 1 0 1 1 1 0 1 0 0 1 1 0 1 0 1 1 0 0 1 0 1 0 1 0 1 1 1 1 1 1 1 3460.30
3911.08 2 1 2 4 2 1 3 4 2 1 3 3 1 2 0 0 0 1 1 1 1 0 0 0 0 0 1 1 1 1 1 0 0 0 1 1 0 1 0 0 0 1 1 1 1 1 1 1 0 1 0 1 1 1 1 1 1 1 1 1 1 0 1 0 0 1 1 1 1 0 0 1 1 0 1 0 0 0 1 0 1 0 0 0 1 0 1 1 0 1 1 0 1 1 0 1 1 0 1 1 1 0 1 1 1 1 0 1 0 1 0 0 0 0 1 1 1 1 0 0 1 1 1 1 1 0 1 0 1 0 0 0 1 0 0 0 1 0 1 1 0 0 1 0 1 0 1 1 1 0 0 1 0 1 0 1 0 1 0 0 0 1 0 1 0 0 1 1 0 0 0 1 1 0 1 0 1 1 0 1 1 1 1 1 1 1 1 0 0 0 1 1 1 1 0 0 1 0 1 1 0 0 0 0 0 0 0 1 0 1 0 1 0 1 0 1 0 1 1 0 0 3 1 3124
2511.18 1 3 1 2 2 3 3 2 4 3 2 2 2 4 1 0 0 1 1 1 1 1 1 1 1 0 1 0 1 1 0 0 1 1 1 0 1 1 1 0 1 1 0 0 1 0 0 1 0 0 1 0 1 1 1 0 1 0 0 0 1 1 0 0 1 1 0 1 1 0 0 0 1 0 0 1 1 0 0 0 1 0 0 0 0 0 1 1 1 1 1 0 0 1 1 0 0 0 1 1 0 1 0 1 1 1 1 1 0 0 0 1 1 1 0 1 0 0 1 0 0 0 0 1 0 1 0 1 1 1 0 1 1 1 0 1 1 1 1 0 1 0 1 1 0 1 1 0 0 1 0 1 1 1 1 0 1 0 1 0 0 1 1 1 0 1 0 0 1 1 1 1 0 1 0 0 1 0 0 0 0 0 0 1 0 0 0 1 1 0 1 0 1 1 1 1 1 1 0 0 0 1 0 1 1 1 1 1 0 1 0 0 0 0 0 0 0 0 1 0 1 3 0 4164.75
3938.26 1 3 2 4 1 2 1 4 2 1 2 3 2 4 1 0 0 1 0 1 1 1 0 1 1 1 0 1 0 1 1 0 0 1 1 1 0 0 1 0 1 0 1 1 1 0 1 1 1 1 1 1 0 1 1 0 1 0 0 0 0 0 0 0 0 1 1 1 1 1 1 1 1 0 0 0 0 1 1 1 0 0 1 0 1 1 1 1 0 0 1 0 1 1 1 1 0 0 1 0 1 0 0 1 1 1 1 1 1 0 0 1 1 1 0 1 1 1 1 1 1 1 1 0 0 1 0 0 0 0 1 0 0 1 0 0 1 0 1 1 1 1 1 1 1 0 1 0 1 1 1 1 1 0 1 0 1 1 0 1 0 1 0 0 0 0 1 1 0 0 0 0 1 1 1 0 1 0 1 1 0 0 0 0 1 0 1 0 0 1 1 1 0 0 1 0 0 1 0 0 0 0 1 1 1 0 0 1 0 1 0 0 0 0 1 0 1 1 1 1 0 2 1 2894.57
2251.56 1 1 4 4 2 2 3 2 2 2 3 2 3 2 1 0 1 0 0 0 0 1 0 1 0 1 0 0 0 1 1 0 0 1 1 1 0 0 1 1 0 1 1 0 0 1 1 1 1 0 1 0 1 0 1 1 0 1 0 0 1 0 1 1 0 0 0 0 1 1 0 0 1 1 0 0 1 1 1 1 1 1 1 1 1 1 1 0 0 1 1 1 1 0 0 0 0 1 1 1 0 1 1 0 1 1 0 0 0 0 1 0 1 0 1 1 0 1 1 1 0 0 1 0 0 1 1 1 0 0 0 1 0 0 1 0 1 1 1 1 0 1 0 0 1 0 0 1 1 0 0 1 1 0 1 0 1 1 1 1 0 0 0 1 0 0 1 1 1 0 0 1 0 0 0 1 1 0 1 0 0 0 1 0 1 0 1 0 0 0 0 0 1 0 0 1 0 1 0 0 1 0 0 0 0 1 0 1 1 0 0 0 1 0 0 1 1 1 1 1 1 2 0 2241.74
3128.25 4 1 4 2 3 1 2 3 1 2 2 1 2 3 0 0 1 1 1 0 1 0 0 1 0 0 1 1 1 1 1 0 1 1 0 1 1 1 0 1 1 1 0 1 1 1 0 0 1 1 0 1 0 0 0 0 0 0 0 1 1 0 0 0 1 1 0 1 0 1 0 0 1 0 1 0 1 0 1 1 1 0 0 1 0 0 0 0 0 0 1 0 0 1 0 0 1 1 1 0 1 0 0 0 1 1 1 0 0 1 1 1 1 0 1 0 1 1 0 0 1 0 0 0 0 0 0 0 1 1 1 1 0 1 1 1 1 0 1 1 0 0 1 1 0 1 0 1 0 0 0 1 0 0 0 0 1 1 0 0 0 1 1 1 0 1 0 1 0 1 0 1 1 0 1 0 0 0 1 0 0 0 0 1 1 1 1 0 0 1 1 1 1 1 1 0 1 0 0 0 1 1 0 0 0 1 0 0 0 0 0 0 1 0 0 0 1 1 0 0 1 2 0 2736.55
4192.11 3 1 4 2 1 2 3 3 3 3 3 4 3 2 1 0 1 1 0 0 1 1 1 1 1 0 0 1 0 0 0 0 0 1 1 1 1 0 0 1 1 0 1 1 0 0 1 0 0 1 0 0 0 1 1 0 1 1 0 1 0 0 0 1 0 1 1 0 1 1 1 0 1 0 1 0 0 0 0 1 0 0 1 1 1 1 1 0 0 0 1 1 0 0 1 0 1 0 0 0 1 1 1 0 1 0 0 0 1 1 1 0 1 0 1 0 0 1 1 0 1 0 1 0 1 1 0 1 1 0 1 0 1 1 0 0 0 0 1 1 1 0 0 1 1 1 0 1 1 1 1 0 1 1 1 0 1 0 1 0 1 0 1 1 0 0 1 1 1 0 1 0 0 1 0 0 1 0 1 1 0 0 0 0 1 1 1 1 0 0 1 1 1 0 1 1 1 1 1 1 0 1 0 0 0 1 1 0 0 0 0 1 1 0 1 1 0 0 1 1 0 1 1 3345.96
2292.57 3 4 2 3 2 1 4 2 1 2 4 3 1 2 1 0 0 1 0 1 0 1 0 0 0 0 0 0 1 1 1 1 0 0 1 1 1 1 1 1 1 1 0 0 0 0 0 1 0 0 1 1 1 1 0 0 0 1 1 1 0 1 0 0 0 1 1 0 0 1 1 0 0 0 1 1 0 1 0 1 1 0 0 1 0 0 1 1 1 0 0 0 0 1 0 1 0 1 0 0 0 1 0 0 0 0 0 1 0 1 1 1 0 1 0 0 0 0 0 0 0 1 1 1 0 1 1 0 0 1 1 0 0 0 1 0 0 1 1 0 0 0 0 0 0 0 0 1 1 0 0 0 1 0 0 1 0 1 0 0 1 1 1 1 1 0 0 1 0 0 1 1 0 1 1 0 0 0 1 1 0 0 0 0 1 0 1 1 1 1 1 1 1 1 0 1 1 1 1 0 0 0 0 1 0 0 1 0 0 0 0 0 1 1 1 1 0 0 0 0 0 1 1 3914.72
3734.30 2 3 2 3 3 3 4 3 4 3 1 1 2 4 0 1 1 1 1 1 0 1 1 0 0 0 1 1 0 1 1 1 1 1 1 0 1 1 1 0 1 1 1 1 1 0 0 0 0 1 0 0 0 0 1 1 0 0 0 1 1 1 1 0 0 1 1 1 0 1 1 0 1 1 1 0 0 0 1 0 1 1 1 1 0 0 1 1 0 0 1 1 1 1 0 1 1 1 0 1 1 1 1 0 1 0 1 1 1 0 1 1 0 1 1 0 1 1 0 0 0 0 0 0 0 1 0 1 1 0 0 1 1 1 1 1 0 1 0 1 1 1 1 0 0 1 0 1 1 0 1 1 0 0 1 0 0 0 0 0 1 0 0 0 0 0 0 0 1 0 1 1 0 0 0 0 0 0 1 1 0 1 1 0 1 0 0 1 1 0 0 1 0 0 1 1 0 0 1 0 1 1 1 1 0 1 0 1 1 0 1 0 0 1 1 1 1 0 0 1 1 2 1 2789.51
3978.12 1 1 1 4 3 2 1 2 1 3 2 1 3 3 1 1 1 0 0 1 0 0 0 1 1 0 0 1 1 0 1 0 0 0 0 0 1 0 1 0 0 0 0 0 1 0 0 1 1 1 0 1 1 1 0 1 0 0 1 1 1 1 0 0 0 0 1 1 0 1 0 0 1 1 1 0 1 0 1 0 1 0 1 0 0 1 1 0 1 0 1 0 1 1 0 0 0 0 0 0 0 0 1 0 0 1 1 1 0 1 1 1 1 1 1 0 0 1 1 0 1 0 0 1 1 1 1 0 1 1 0 0 0 1 0 0 0 1 0 0 0 1 0 0 1 1 0 0 1 0 1 1 1 0 0 1 0 1 0 1 0 0 1 0 0 0 0 1 1 1 0 0 0 0 0 1 0 1 0 1 1 0 0 0 1 1 0 1 0 0 1 0 1 1 1 0 0 1 0 1 0 1 1 0 0 0 0 0 0 1 0 0 1 0 1 1 0 1 0 0 1 1 1 3157.51
3289.19 1 4 1 4 2 3 4 3 2 1 2 2 2 2 0 1 0 1 0 1 1 0 1 1 1 1 1 0 0 0 1 0 1 0 1 0 0 0 0 1 0 1 0 0 1 0 1 1 0 0 0 0 0 0 1 0 1 0 1 0 1 1 1 1 0 0 1 0 1 0 1 0 1 0 0 1 1 0 0 1 0 1 1 1 0 1 1 1 1 0 1 1 0 1 1 1 0 1 1 1 1 0 1 0 0 1 1 0 0 1 0 0 0 1 0 0 0 0 0 0 0 1 1 0 0 1 0 0 1 1 1 1 0 0 0 1 1 0 1 0 1 0 1 1 0 0 0 1 0 0 0 0 0 1 1 0 1 1 1 1 1 0 1 0 1 1 0 1 1 1 0 1 0 1 0 0 0 0 1 0 1 1 0 1 0 0 1 0 1 1 0 0 0 1 0 1 1 1 0 1 0 1 1 0 0 0 1 0 1 0 0 1 0 0 0 0 0 0 0 1 0 2 0 4078.77
3213.29 2 2 2 3 2 1 4 2 2 4 4 3 2 3 1 1 1 0 1 1 1 0 0 0 0 0 1 1 1 1 0 0 0 1 0 1 1 0 0 1 0 1 0 0 0 0 0 1 0 0 1 0 1 1 0 1 1 1 1 0 0 0 0 1 0 1 1 0 0 0 0 0 0 0 0 0 0 1 0 1 1 0 0 0 1 1 0 1 1 0 0 1 0 1 0 0 0 1 0 0 0 0 0 0 0 1 1 0 0 0 1 0 0 1 0 0 1 1 0 1 0 0 0 0 1 1 0 0 1 0 1 1 1 1 0 1 1 1 0 0 1 0 0 0 1 0 1 1 0 1 1 1 0 0 1 1 0 0 0 1 1 0 0 1 0 0 0 1 0 1 0 1 1 1 0 1 0 1 0 0 1 1 0 1 0 0 0 1 1 1 1 0 0 1 0 1 0 1 0 1 0 1 1 1 0 0 1 1 1 1 1 1 0 0 1 0 0 1 0 1 1 3 0 3075.37
3302.23 2 3 4 4 2 1 2 3 4 4 3 2 4 3 1 1 0 1 1 0 1 0 1 0 1 1 1 0 0 1 1 1 1 1 1 0 1 1 1 0 0 0 0 1 0 0 0 0 0 0 0 0 1 0 1 0 1 0 1 1 1 0 1 1 0 0 0 0 1 1 1 1 0 1 0 0 1 0 1 0 0 1 0 0 1 1 0 1 0 0 0 1 1 0 0 1 0 1 1 1 0 0 0 1 0 0 1 0 0 0 0 0 1 1 0 1 1 1 1 0 0 1 0 0 1 1 0 0 1 1 0 0 0 0 0 0 1 1 0 1 0 0 0 1 0 1 0 1 0 1 1 0 1 1 0 1 1 1 0 1 1 0 1 0 0 0 1 1 1 1 0 0 0 1 1 0 0 0 0 0 1 0 0 0 0 0 1 1 1 0 1 1 1 1 1 1 0 0 1 0 0 1 0 0 0 1 0 0 0 1 0 0 1 1 1 0 0 1 0 0 0 1 0 3631.32
4017.28 2 3 4 4 4 2 2 3 1 3 4 4 2 3 1 1 0 0 0 1 1 1 0 1 0 1 1 0 0 0 1 0 1 0 1 1 1 1 1 1 0 0 0 1 0 1 1 0 0 1 1 1 1 0 1 0 1 1 0 0 0 1 1 0 0 1 1 0 0 0 1 0 1 1 1 1 1 1 0 0 0 0 0 0 0 0 0 1 0 1 1 0 1 0 0 1 0 0 0 1 0 0 1 0 0 1 0 1 0 1 0 0 1 1 1 0 1 1 1 0 0 0 0 1 1 0 0 0 1 0 1 0 0 1 1 1 0 1 1 1 1 1 1 0 0 1 0 0 0 0 1 0 1 1 0 1 0 0 0 1 0 0 0 1 0 1 0 0 0 0 1 1 1 1 1 1 1 0 1 0 0 0 0 1 0 0 0 0 1 1 0 1 1 1 1 0 1 0 0 0 0 0 0 0 0 1 0 0 1 0 0 0 0 1 0 0 0 0 1 1 1 2 1 4144.19
2222.37 3 4 2 2 1 4 1 3 1 4 2 4 3 3 1 1 1 0 0 0 0 0 1 0 1 0 1 0 0 1 0 1 1 1 1 0 0 1 1 1 0 0 1 1 0 1 0 0 0 0 0 0 0 1 1 0 0 1 1 1 1 0 0 1 1 0 1 1 0 1 0 1 0 1 0 0 1 0 0 1 1 1 0 1 0 1 1 0 0 0 1 0 0 1 0 0 1 1 1 0 0 1 1 0 1 0 0 1 1 0 1 0 1 0 1 1 0 1 0 1 1 0 1 0 1 1 0 1 0 1 0 0 0 1 0 0 0 1 1 1 0 1 1 1 1 1 0 1 0 0 0 1 0 0 1 1 0 0 0 1 0 0 1 1 1 1 0 1 0 0 0 0 1 0 1 0 1 1 1 1 1 0 1 0 1 0 1 0 0 1 0 1 1 0 1 0 1 0 0 0 1 0 0 1 1 1 1 0 0 1 0 1 1 1 1 0 1 0 1 0 1 3 1 3457.16
3345.55 3 4 2 2 3 2 2 3 2 3 4 2 4 3 0 0 0 1 1 1 1 1 1 1 1 1 0 0 0 1 1 0 0 1 0 1 0 1 1 1 0 1 0 0 1 1 1 0 1 0 0 0 1 0 0 1 1 1 1 0 0 1 0 1 1 0 1 0 0 0 1 1 1 1 1 1 1 0 1 0 0 0 1 1 0 0 0 1 0 1 0 1 0 1 0 1 0 0 1 0 1 0 1 1 1 0 1 1 0 1 1 0 0 0 1 0 0 1 0 1 1 0 0 0 1 1 1 1 1 1 0 1 1 0 1 1 1 0 0 0 1 1 0 0 1 1 1 0 0 0 0 0 1 0 1 0 0 0 0 1 0 1 0 1 0 1 0 0 1 0 1 0 1 0 1 1 1 1 1 0 0 0 1 0 0 1 0 0 1 0 1 0 0 0 1 1 0 0 0 0 1 0 1 1 0 1 1 1 1 1 0 0 0 0 0 1 0 0 0 0 1 1 1 3387.53
4025.66 1 2 2 3 3 4 1 2 4 4 3 2 3 3 0 1 0 1 1 1 1 0 0 0 1 1 0 0 0 0 1 0 0 1 1 0 0 1 1 0 1 0 1 0 1 0 0 0 0 0 0 1 1 1 1 0 0 0 0 0 1 1 0 0 0 0 1 1 0 1 1 1 0 0 1 1 0 1 1 0 0 0 1 1 1 0 0 1 1 0 0 1 1 0 1 1 0 0 1 1 1 1 0 0 1 1 1 0 0 1 1 1 0 1 0 0 0 1 1 0 0 0 1 0 1 1 0 1 0 1 1 1 1 0 0 0 1 0 0 0 1 1 0 0 1 1 0 1 0 1 1 1 0 1 1 1 1 0 0 0 0 1 0 0 1 1 1 0 1 0 1 0 1 1 1 0 0 0 0 1 1 1 1 1 0 0 1 1 1 0 0 1 1 1 0 0 1 0 0 0 0 1 0 0 0 1 1 1 0 0 1 0 1 1 1 1 1 1 1 0 0 3 0 2782.01
2345.91 3 1 2 3 2 4 2 2 1 2 2 3 4 3 1 0 0 0 0 0 0 0 0 1 1 0 1 0 0 1 1 1 1 1 1 1 0 1 0 0 1 0 1 1 0 1 0 1 1 1 0 0 1 1 0 1 0 0 1 0 1 0 1 1 0 0 1 0 0 0 1 1 0 1 1 1 1 0 1 1 0 0 0 0 1 0 0 0 0 0 1 0 1 1 0 0 0 1 0 1 1 1 1 1 0 0 0 0 0 1 0 0 1 1 1 0 1 0 0 1 1 1 0 0 0 1 0 0 1 1 0 0 0 0 0 0 1 1 1 1 1 0 1 0 1 0 1 0 1 1 0 0 1 1 1 1 0 1 0 0 1 0 1 1 1 0 1 0 1 1 1 0 1 1 0 1 1 1 0 0 0 1 1 1 0 0 1 0 0 0 0 1 0 1 0 0 1 0 1 1 1 0 0 1 0 1 1 0 1 1 1 1 0 1 0 0 1 1 0 0 1 3 0 2891.18
3771.05 3 2 3 3 4 1 2 3 4 2 1 3 4 1 0 1 1 1 1 0 0 0 1 0 1 0 1 1 1 0 1 0 1 0 0 0 0 0 0 1 0 0 1 1 0 1 1 0 1 0 1 0 0 0 0 1 0 0 1 0 1 1 1 0 1 0 1 1 1 1 0 1 0 1 1 0 1 1 1 1 1 1 0 0 1 0 1 0 0 1 1 0 1 1 0 0 1 1 1 0 1 1 0 1 0 1 0 0 0 1 0 0 1 1 0 0 1 1 0 1 0 0 1 0 1 1 0 1 0 1 1 0 0 0 0 1 0 1 1 0 0 1 1 0 0 0 0 1 1 1 1 0 1 1 1 0 1 1 0 0 0 1 0 1 1 0 0 1 0 0 1 1 0 0 0 0 1 0 0 0 1 1 1 1 0 1 0 0 0 0 0 0 0 1 1 1 1 0 1 0 1 1 0 0 1 1 1 1 1 1 0 1 1 1 1 0 1 0 1 0 1 2 0 3025.69
4227.71 1 2 3 2 3 2 1 3 4 4 2 3 2 2 1 1 1 1 1 1 1 0 0 1 1 1 0 0 1 1 1 1 0 0 1 1 0 1 1 0 0 1 0 1 0 0 0 0 0 0 1 0 0 1 1 1 1 0 1 0 0 1 0 1 0 0 0 1 0 1 0 1 1 1 0 0 1 0 0 0 0 0 0 1 0 0 0 0 0 1 0 0 0 0 0 1 0 1 1 0 0 1 0 1 0 0 0 1 1 1 1 0 1 1 0 1 1 1 1 1 1 0 1 1 0 1 0 0 0 1 1 0 1 1 1 0 0 0 1 0 1 0 1 0 0 0 1 1 0 0 0 0 1 0 1 0 0 1 0 0 0 0 1 1 0 1 0 1 1 0 1 0 1 1 1 0 1 1 1 0 1 1 0 0 0 1 1 1 1 0 1 1 0 1 0 1 1 0 1 1 1 0 1 1 1 0 0 1 0 1 1 0 0 1 0 1 0 1 1 1 0 2 0 2743.47
2811.78 3 4 2 2 1 4 2 4 2 2 2 4 2 4 1 1 1 0 0 1 1 1 1 1 0 1 1 1 0 0 1 0 0 0 1 0 1 1 1 0 1 1 0 1 0 0 0 0 0 1 0 0 1 0 0 1 1 1 0 0 1 0 1 1 1 1 0 1 0 1 0 0 0 1 1 1 0 1 1 0 1 0 1 0 0 1 1 0 1 0 0 1 0 0 0 1 1 0 1 0 0 0 0 1 0 0 0 1 0 0 0 1 1 1 1 1 1 0 0 0 1 0 0 1 1 0 1 0 1 0 1 0 0 0 0 0 1 1 1 0 1 0 0 1 0 1 0 0 1 1 1 0 0 1 0 0 1 1 0 1 0 0 1 1 0 1 0 0 1 0 1 1 1 1 0 0 0 1 0 0 0 1 0 1 0 0 0 1 1 1 1 1 1 0 0 1 0 0 1 0 1 1 1 0 1 1 0 0 0 1 1 1 0 1 0 0 1 0 0 1 1 2 0 2385.21
3586.27 3 2 3 3 2 4 3 2 3 2 1 3 4 2 1 0 0 1 1 0 0 1 1 1 1 0 1 0 1 0 1 0 1 0 0 0 1 0 1 0 0 0 1 0 1 0 0 0 1 1 1 1 0 1 0 1 1 0 1 0 0 0 1 1 1 1 0 1 0 1 1 0 0 1 0 0 1 1 0 0 1 0 1 1 1 1 0 0 0 1 1 0 1 0 0 1 1 0 1 0 0 1 0 1 1 1 1 1 1 1 0 0 0 0 1 1 1 0 1 1 0 1 1 0 1 0 1 0 0 1 1 1 1 1 0 0 0 1 1 1 0 1 0 1 1 1 0 0 1 1 0 1 0 0 1 1 1 0 1 0 0 0 1 0 1 0 1 1 0 1 1 0 0 0 1 1 0 1 0 1 1 1 0 0 0 1 0 1 1 0 1 1 1 1 1 0 1 1 1 1 0 1 0 1 0 1 0 1 1 0 1 1 0 0 0 1 1 0 1 0 1 2 0 3312.39
3095.75 2 1 3 3 2 2 1 2 4 3 4 3 3 3 1 1 1 0 1 1 1 0 1 1 0 0 1 1 1 0 0 1 1 1 1 0 0 1 1 0 0 1 1 0 0 1 1 1 1 0 0 1 0 0 1 0 1 1 0 0 1 0 1 1 0 1 0 1 0 0 0 1 0 0 1 1 1 1 1 0 0 0 1 0 1 0 0 0 0 1 0 0 0 0 0 0 0 0 0 0 1 1 1 1 0 0 1 0 0 1 1 1 0 1 1 1 0 1 1 1 1 1 0 1 0 0 0 1 0 1 0 1 1 1 0 1 0 0 1 1 1 1 0 0 0 0 0 0 0 1 1 1 1 0 1 1 0 1 1 1 1 0 1 0 0 1 0 1 1 0 0 1 0 1 1 0 0 1 1 1 1 1 0 0 1 0 1 1 1 1 0 1 1 0 1 0 0 1 0 1 0 1 0 0 1 0 1 0 1 1 0 0 0 1 1 0 0 0 1 1 0 2 1 2163.29
2462.21 3 3 2 4 4 3 3 3 2 4 3 1 4 2 0 1 1 0 0 1 0 0 0 0 0 0 0 1 0 0 0 0 1 0 1 1 1 1 0 0 1 0 0 1 0 0 0 1 1 1 0 1 0 0 1 0 1 1 0 1 0 1 1 0 1 0 0 0 0 0 0 0 0 0 0 1 1 1 1 0 1 1 1 0 0 1 0 1 0 1 0 0 1 1 1 1 1 0 0 1 1 1 1 1 1 0 1 0 1 1 1 0 0 1 0 1 1 1 0 0 1 0 1 0 0 0 1 1 0 0 0 1 0 0 1 0 0 0 0 1 0 0 0 0 0 0 0 0 0 1 0 0 0 0 1 0 1 1 0 1 0 0 1 1 1 0 1 0 0 0 0 1 0 0 0 0 0 0 0 0 0 1 1 0 0 1 0 0 1 0 0 1 1 0 0 0 1 0 0 0 0 0 0 1 1 0 1 1 1 1 1 1 0 1 0 1 1 0 0 1 1 3 1 2187.67
3757.16 3 2 3 1 3 3 2 3 4 2 3 1 3 2 0 1 1 1 0 0 0 1 0 0 0 1 1 0 1 1 0 1 1 0 0 0 1 0 1 1 1 0 0 0 1 0 0 0 1 0 1 1 0 0 0 1 1 0 1 1 1 1 1 1 0 0 0 0 1 1 1 0 0 0 0 0 0 0 1 0 0 1 1 1 1 1 0 0 0 0 0 1 0 0 1 0 1 0 0 1 1 1 0 1 1 1 1 0 0 0 0 1 0 1 0 1 1 0 1 0 1 0 1 1 1 0 1 0 1 1 0 0 0 1 1 1 0 0 1 0 0 1 0 1 0 1 1 0 0 0 0 0 0 0 0 1 1 0 1 0 0 1 0 1 1 1 1 0 0 0 0 1 1 0 1 1 1 1 0 0 0 1 1 1 0 0 0 0 1 0 1 0 0 1 1 1 1 1 1 1 0 0 0 1 0 1 0 1 1 1 1 0 0 1 1 1 1 0 0 1 1 2 1 2663.36
3686.35 2 3 1 4 3 4 4 3 1 3 3 2 1 3 1 0 1 0 0 1 1 1 1 0 0 1 1 1 0 1 0 0 0 0 1 0 0 1 0 0 1 1 0 1 1 0 1 0 0 1 1 0 0 1 1 0 1 1 0 0 1 0 0 1 0 1 1 0 1 0 1 1 0 0 1 1 0 0 0 0 1 0 0 1 1 0 0 0 1 1 0 0 1 1 1 0 0 1 0 1 0 0 0 0 0 0 0 1 1 1 1 0 1 1 1 1 0 1 1 0 0 0 0 1 0 0 1 0 0 0 1 0 0 0 0 0 1 0 0 1 0 0 1 1 1 0 1 1 1 0 1 0 1 0 1 0 0 1 0 1 1 1 0 1 0 1 0 0 1 0 0 1 0 1 0 0 0 0 1 0 0 0 0 1 1 0 1 0 0 1 1 0 0 1 0 1 0 0 0 0 1 0 0 0 0 0 1 0 1 0 1 1 0 0 0 1 1 1 0 0 0 1 1 2788.46
4050.50 4 2 4 4 3 1 1 4 2 2 4 3 1 2 0 1 0 0 1 0 1 0 0 1 0 1 0 1 1 0 1 1 1 0 1 1 0 0 1 1 0 0 0 0 0 0 0 1 0 1 0 0 1 1 0 0 1 0 0 1 1 0 1 0 0 1 0 1 0 0 1 0 0 0 1 0 0 0 0 0 1 1 1 0 1 0 1 1 0 0 1 1 1 1 1 1 1 1 0 0 1 0 0 0 0 0 0 0 0 0 0 1 0 1 1 1 1 1 0 0 0 1 1 1 0 1 0 1 1 1 1 0 1 1 0 0 0 1 1 0 0 0 1 1 1 1 0 0 0 0 0 1 0 0 0 0 1 0 0 0 1 1 1 0 0 0 1 1 1 0 0 1 1 1 1 0 1 0 1 0 1 0 0 0 0 0 0 1 0 1 0 0 1 1 0 1 0 1 0 1 0 1 0 1 0 1 0 1 0 0 1 1 0 1 1 0 0 0 1 1 1 1 1 2523.75
2538.67 2 3 2 2 3 2 2 3 2 2 3 4 4 1 0 0 0 1 0 1 0 0 1 0 1 0 1 1 0 0 0 1 1 0 1 1 0 1 0 0 1 1 1 0 0 0 1 0 0 1 1 1 0 1 0 0 1 0 1 0 0 1 1 0 1 0 0 0 1 1 0 1 1 1 0 0 0 1 0 0 1 0 1 1 0 0 1 0 1 0 0 0 0 0 1 0 1 1 1 0 1 1 0 1 0 0 0 1 1 0 0 0 1 0 0 0 1 1 0 1 1 0 0 0 0 0 0 1 1 0 0 1 0 1 1 1 1 0 0 1 0 1 0 1 0 0 0 1 1 0 0 0 0 0 1 0 1 1 0 0 0 0 0 0 0 1 0 1 0 1 1 1 0 1 1 0 1 0 0 0 0 0 1 1 0 0 0 1 0 1 0 0 1 0 1 0 0 1 0 0 1 0 0 0 0 1 1 1 1 0 0 0 1 0 1 1 1 1 1 0 1 3 1 2445.02
4178.99 3 2 2 2 2 1 3 2 1 3 4 3 2 2 1 1 0 0 1 1 0 1 1 0 0 1 0 1 0 0 1 0 0 0 0 0 0 1 1 0 0 1 0 0 1 0 1 0 0 1 0 1 0 0 0 0 1 0 0 0 0 1 1 1 0 1 1 0 1 0 1 0 0 1 0 1 1 0 1 0 1 0 1 1 0 1 1 0 1 1 1 1 1 1 0 1 0 1 1 0 1 1 1 0 1 1 0 1 0 1 0 1 0 0 0 0 0 1 1 1 0 1 1 1 1 0 0 1 0 1 1 0 1 1 0 1 0 1 1 1 1 1 0 0 1 0 0 0 0 0 0 0 1 0 1 0 1 0 0 1 1 0 1 1 0 0 0 1 1 1 1 1 1 0 0 1 0 1 1 0 1 0 1 1 0 1 0 0 0 0 0 0 0 0 0 1 0 1 0 1 1 0 0 0 1 1 0 1 1 1 1 1 1 0 1 0 1 1 1 0 0 3 0 2982.11
3316.38 3 2 4 1 2 1 1 1 3 3 4 4 2 3 0 1 0 1 0 1 1 1 1 0 1 1 1 0 1 0 1 0 0 1 1 1 1 1 1 0 1 1 0 1 1 1 1 0 0 0 1 1 0 1 0 1 0 0 1 1 0 1 0 1 1 0 1 0 0 1 0 1 0 0 0 0 1 1 0 0 0 0 1 0 1 1 1 0 1 1 1 0 1 1 0 1 0 0 1 0 1 1 1 1 1 1 1 1 1 1 1 0 1 1 1 0 1 1 0 1 1 0 0 1 1 1 1 0 1 1 1 0 1 1 1 1 1 0 1 1 1 0 1 0 1 1 1 0 1 1 0 1 0 0 1 0 0 1 0 0 1 1 0 0 1 1 1 0 1 0 0 1 1 1 0 0 0 1 1 1 1 1 1 0 0 1 0 1 1 1 0 0 1 0 1 0 1 1 0 0 1 1 0 0 0 0 1 1 1 1 0 0 0 1 0 0 0 1 0 0 1 1 0 2518.12
2809.07 2 2 1 3 3 4 3 2 4 3 3 3 4 4 0 0 0 1 0 0 0 1 1 0 1 0 1 0 0 1 0 0 0 0 0 0 1 1 0 0 1 0 1 1 1 1 0 1 0 1 1 1 0 1 0 0 1 0 1 0 1 0 1 0 1 1 0 0 0 1 0 1 0 1 0 0 1 0 1 1 0 0 0 1 1 0 0 1 0 1 0 1 1 1 1 1 1 1 0 0 0 1 1 0 0 1 1 1 0 1 0 1 1 1 0 1 1 1 1 1 1 0 0 1 0 0 0 1 0 0 1 1 0 1 0 0 1 1 0 0 1 1 0 0 0 1 0 1 1 1 1 0 1 0 0 0 0 0 0 1 1 1 1 1 0 0 0 1 1 0 0 1 0 0 0 0 1 0 0 0 1 1 1 0 1 1 1 1 1 1 0 1 1 1 0 1 0 1 0 0 0 0 1 1 1 1 1 0 1 0 1 1 1 0 1 0 1 0 1 1 1 2 1 3478.83
3447.10 3 3 1 2 4 3 4 4 4 3 3 3 2 2 1 1 1 1 0 0 1 1 0 0 0 0 0 0 1 0 1 1 1 0 1 0 1 1 1 0 0 1 0 1 1 0 1 1 0 0 0 0 0 0 1 1 0 0 1 1 0 0 1 1 1 1 1 0 1 1 1 0 1 1 0 1 0 0 1 1 1 1 0 1 1 0 1 0 0 0 1 0 0 1 0 1 0 1 1 1 1 0 0 0 1 1 1 0 0 0 1 0 1 1 0 0 1 0 0 0 0 0 1 0 1 1 1 0 1 0 1 0 1 1 1 0 1 0 1 1 0 0 0 0 1 0 1 1 0 1 0 1 1 1 1 0 0 0 1 1 1 1 1 0 1 1 1 0 0 1 1 1 0 0 1 1 1 1 0 1 1 1 0 1 1 1 0 1 0 1 1 0 1 1 1 1 1 1 1 1 0 1 1 0 0 1 1 0 0 0 0 0 1 1 0 1 0 1 0 0 1 2 1 3348.23
3858.30 3 3 4 1 3 1 2 2 2 4 3 3 3 4 1 0 1 0 0 0 1 1 0 1 0 0 1 0 0 0 0 1 0 0 1 0 0 0 0 1 1 1 1 0 0 1 1 1 1 1 1 0 1 0 0 1 0 1 1 1 0 1 0 1 0 0 1 1 1 0 1 1 1 1 0 0 0 0 0 1 1 1 0 0 0 0 1 0 1 1 1 1 0 1 1 0 0 0 1 0 0 0 0 1 0 0 1 1 0 1 1 0 0 1 0 1 1 1 0 1 1 1 1 1 1 1 0 0 0 0 0 0 0 1 0 1 0 0 1 0 1 0 1 1 0 1 0 1 0 0 1 0 1 0 0 0 0 1 1 1 0 1 0 1 1 1 0 0 1 0 0 1 1 1 1 0 1 1 0 1 1 0 0 0 1 1 0 1 1 1 0 0 0 1 1 1 1 0 1 0 1 0 1 1 0 1 1 1 0 1 1 0 1 1 0 0 0 1 0 1 0 2 0 3921.09
3135.49 3 2 3 3 2 1 2 2 1 3 1 3 4 1 1 0 0 0 1 1 0 0 0 0 1 1 1 0 1 0 1 1 0 0 0 0 1 0 1 0 0 0 1 1 0 1 0 0 1 0 0 1 1 0 0 1 0 1 0 0 0 0 1 0 0 0 1 0 0 1 0 0 0 1 0 1 0 1 1 0 1 0 0 0 0 0 1 0 0 1 1 0 1 0 0 0 1 1 0 0 1 1 1 1 0 0 0 1 0 0 1 0 0 0 1 1 1 0 1 1 1 1 0 0 1 0 1 1 1 0 1 1 0 1 1 1 1 0 1 1 1 0 1 1 1 0 1 1 1 1 1 0 0 0 1 1 0 1 0 1 1 1 0 0 0 0 1 0 0 0 1 1 0 0 0 1 0 1 1 1 0 0 1 1 1 1 1 0 0 0 1 0 0 0 0 0 1 0 0 0 0 1 1 1 1 1 1 1 0 1 1 0 0 0 1 0 1 0 0 0 0 2 0 3327.76
3230.97 2 2 3 1 1 2 3 3 1 3 3 3 1 4 1 1 0 1 1 1 1 1 0 1 0 0 0 1 0 0 0 0 1 1 0 0 0 1 0 0 1 1 1 0 0 1 0 1 1 0 0 0 1 1 1 0 1 1 1 0 1 0 0 0 0 1 0 0 1 1 0 0 1 1 1 1 0 0 0 0 0 1 0 1 1 0 1 0 0 1 0 1 0 0 0 0 1 0 0 0 1 1 0 1 0 0 1 0 0 0 1 0 1 0 1 0 1 1 0 0 1 1 1 1 0 1 1 0 0 1 0 0 1 0 0 0 1 0 1 1 0 1 0 0 0 1 0 0 1 1 1 0 0 0 1 0 1 0 1 1 1 0 1 1 0 1 1 0 1 1 1 0 1 1 1 1 1 1 1 0 0 0 1 1 0 0 0 0 0 1 0 0 0 0 0 1 1 0 0 1 1 1 1 0 1 1 0 0 0 1 0 1 1 1 0 0 1 0 1 1 1 2 0 2480.05
2172.64 1 2 4 3 1 3 2 2 1 4 2 3 1 1 1 0 1 1 1 0 1 1 0 0 0 0 0 0 0 1 0 0 0 1 0 1 1 1 1 0 1 0 0 1 0 0 1 0 1 1 0 0 0 1 0 0 1 0 0 1 1 1 1 1 1 1 1 1 0 1 0 1 0 0 0 1 0 1 0 1 1 1 1 0 1 0 0 1 1 1 0 1 0 0 0 0 1 0 1 1 1 1 0 1 1 1 0 0 1 0 0 1 0 0 0 1 0 0 1 0 0 1 0 1 1 0 1 0 0 1 1 1 1 0 1 0 1 1 1 1 1 0 0 0 0 0 1 0 1 0 1 0 1 0 0 0 1 0 1 1 0 0 1 0 1 0 1 1 1 0 1 1 1 0 1 1 1 0 1 1 1 0 1 0 0 0 0 0 0 0 1 1 1 1 1 0 1 0 0 1 0 0 0 1 1 0 1 0 0 0 1 1 0 1 1 1 1 1 1 1 1 3 0 2226.75
2527.97 3 2 2 1 4 1 4 1 2 2 3 1 2 2 0 0 1 0 0 1 1 0 1 1 0 0 1 0 0 1 1 0 0 1 1 1 1 1 1 1 0 0 1 0 1 1 1 1 1 0 0 1 0 1 0 0 0 0 0 0 1 0 0 1 0 1 1 0 1 1 1 1 1 0 0 0 1 1 1 1 1 1 1 0 0 0 0 0 0 0 1 1 1 1 1 0 1 1 0 1 1 0 0 1 1 1 0 0 0 1 1 0 1 1 1 1 0 0 0 1 0 1 1 1 1 1 0 1 1 0 1 1 0 1 1 0 0 1 1 0 1 1 1 0 0 1 1 0 0 1 1 0 1 0 1 1 0 1 0 0 1 0 0 1 0 1 1 0 0 1 0 0 0 1 1 0 0 0 1 1 1 1 1 0 1 1 1 0 1 1 1 0 1 0 1 0 1 1 1 0 1 1 0 0 1 1 0 0 1 0 1 1 0 1 0 0 0 0 1 1 0 2 0 2167.50
2252.40 2 3 1 1 2 4 1 1 1 4 2 3 2 2 1 1 0 0 0 1 0 1 0 0 1 0 0 1 0 1 1 0 1 1 0 0 1 0 0 1 0 1 1 0 0 1 1 0 0 1 0 0 1 0 1 0 0 1 1 0 1 1 1 0 0 0 1 0 1 0 1 0 0 1 1 1 1 1 0 1 0 0 1 0 1 0 1 0 1 0 0 1 0 0 1 1 0 1 1 0 1 0 1 0 1 0 0 1 1 0 1 0 0 0 1 0 0 1 1 1 1 1 1 0 0 1 0 0 0 1 0 1 0 0 0 0 1 0 0 0 1 1 1 0 1 1 0 0 1 0 1 0 1 1 0 1 0 0 0 1 1 1 1 0 1 0 1 1 1 0 1 0 0 0 1 1 1 0 0 0 0 0 0 1 0 1 1 1 1 1 0 0 1 0 1 0 1 0 1 1 0 0 0 1 1 1 0 0 0 0 1 0 0 1 1 1 1 0 1 0 1 3 0 2378.70
3292.70 3 4 3 2 3 4 3 1 1 1 1 1 4 4 1 1 1 1 0 0 0 0 1 1 1 0 0 1 0 0 1 0 1 0 0 1 1 0 1 0 1 1 0 1 0 1 0 0 1 0 0 0 1 0 0 0 1 0 1 1 1 1 1 1 0 1 0 0 1 0 0 1 1 1 1 0 1 1 1 1 1 0 1 0 1 0 1 1 0 1 1 1 0 0 1 1 0 1 1 1 1 1 1 1 1 0 1 1 0 1 1 0 0 1 0 0 1 0 1 1 1 1 0 1 1 0 0 0 0 1 1 0 1 0 1 0 0 0 0 1 0 0 1 1 0 1 0 0 0 1 0 1 1 0 0 0 1 0 1 1 1 1 0 1 1 1 1 0 0 1 0 0 1 0 0 1 0 0 1 0 0 1 1 0 1 0 1 0 0 0 1 0 1 1 1 0 1 0 1 0 1 0 0 0 1 1 0 1 1 0 0 1 0 1 1 1 0 0 0 0 1 2 1 3145.77
3047.26 3 2 3 2 2 2 2 4 2 1 2 2 3 2 0 0 0 1 1 0 0 0 0 1 1 1 0 1 0 0 1 1 0 0 0 0 0 0 1 1 0 1 0 1 0 1 1 0 0 0 0 1 0 1 0 1 0 0 0 1 0 1 0 0 0 0 1 1 0 0 1 1 1 0 1 1 0 0 1 1 1 1 1 0 0 0 0 1 0 0 1 1 1 1 0 1 1 1 1 0 0 0 0 1 0 1 0 0 1 0 0 0 0 0 1 0 0 0 0 0 1 1 0 0 0 1 1 0 0 0 1 0 1 0 1 1 1 1 0 0 0 0 1 1 1 0 1 1 1 1 1 0 0 1 0 0 1 0 0 1 1 0 1 0 0 1 1 1 0 1 1 0 1 1 0 1 0 1 0 1 0 1 1 0 0 0 0 1 0 1 0 1 1 1 0 1 0 0 0 0 0 1 0 0 0 1 1 0 1 1 1 1 1 0 1 0 1 1 0 1 0 1 1 4018.04
2860.35 4 2 2 2 2 2 2 3 3 4 2 1 1 1 1 1 1 0 1 1 0 0 0 0 1 0 1 0 1 0 0 1 0 1 0 0 0 0 0 0 1 0 0 0 1 0 1 0 0 1 1 0 1 0 0 0 1 1 0 1 1 1 1 0 1 0 0 0 1 1 1 0 0 1 1 0 1 1 1 0 0 0 1 0 0 1 0 0 1 0 1 1 1 1 1 1 1 0 1 0 1 0 1 0 0 1 0 1 0 1 1 1 1 1 0 0 1 1 1 0 1 1 0 0 1 1 1 0 1 1 0 0 0 1 0 0 1 0 0 1 1 1 0 0 0 0 1 1 0 1 1 1 1 0 0 0 0 1 1 0 0 1 1 0 0 1 1 0 0 1 1 0 0 1 0 0 1 0 1 1 1 1 0 0 1 0 1 1 0 0 1 1 1 0 1 0 1 1 0 1 1 0 0 0 0 1 1 0 1 1 0 0 1 1 0 0 0 1 1 1 1 3 0 4080.84
4274.72 3 2 1 2 1 2 3 3 2 3 2 3 3 3 0 1 0 1 1 1 0 1 1 0 0 1 1 1 1 1 0 1 0 0 1 0 0 1 1 1 1 0 1 1 0 1 1 1 1 0 1 1 0 1 1 1 1 0 0 0 1 0 0 1 1 1 1 0 1 1 1 0 0 0 1 1 0 0 1 1 0 0 1 0 1 1 0 0 0 1 0 1 0 0 1 1 1 0 0 1 1 1 0 1 0 1 1 1 0 0 0 0 1 0 0 0 1 1 0 1 0 1 0 1 0 0 1 1 1 1 0 1 1 0 1 1 1 1 1 1 1 0 1 0 0 0 1 1 0 1 1 0 0 1 1 0 0 1 0 0 1 1 1 1 0 1 1 1 1 0 1 0 1 0 0 1 0 1 0 0 1 1 1 1 1 1 1 1 1 1 0 0 0 1 1 1 0 0 0 0 0 0 0 1 0 1 0 1 0 1 0 0 1 0 0 0 1 1 0 0 1 3 1 3158.67
2509.48 1 3 4 3 4 2 2 1 3 2 3 2 3 2 0 1 1 1 1 1 1 1 1 1 1 0 0 1 0 1 1 0 1 0 1 0 1 1 0 1 0 0 0 1 1 1 1 1 1 0 0 0 1 1 0 1 1 1 0 0 0 0 1 0 0 0 1 0 1 1 1 0 0 0 1 1 1 0 1 1 0 0 1 0 1 0 1 1 0 0 0 0 1 0 1 1 1 1 1 0 0 0 0 1 0 0 0 0 0 1 0 1 0 1 0 1 1 1 1 0 0 1 1 1 0 0 0 1 1 1 0 1 1 0 1 1 0 0 1 1 1 0 0 1 1 1 1 0 0 1 0 0 0 1 0 0 0 1 0 1 1 1 0 1 1 1 0 0 1 1 1 0 1 1 0 1 0 0 0 0 1 0 0 0 1 0 1 1 1 0 1 0 1 0 0 0 1 0 0 1 0 0 0 1 1 1 1 1 1 0 0 0 1 0 0 1 0 1 0 0 1 3 1 3452.69
3484.40 2 3 1 2 4 3 4 1 3 3 3 3 3 2 1 1 0 0 1 0 0 0 0 1 1 1 1 1 1 0 1 1 1 0 1 1 0 0 1 1 0 1 1 0 1 0 0 0 1 1 0 1 0 0 0 1 0 0 1 0 0 1 1 1 1 1 1 1 1 0 0 1 1 0 0 1 0 1 0 1 0 0 0 0 0 0 0 1 0 0 0 1 0 1 0 1 0 1 0 0 1 0 1 1 1 1 0 0 0 0 0 0 0 0 1 1 0 1 0 1 0 1 1 0 0 1 0 1 1 0 1 0 1 0 0 0 1 0 0 1 0 0 0 1 1 0 1 1 1 1 0 0 0 1 1 1 1 0 0 1 1 1 1 0 1 0 0 1 0 0 0 0 0 1 0 1 0 0 1 1 0 0 0 0 1 1 0 1 1 1 0 1 0 0 0 0 1 0 0 0 0 1 1 1 0 0 1 1 0 1 0 1 1 1 1 1 1 0 1 0 1 3 0 3267.74
3037.89 2 1 2 3 1 1 3 4 2 1 2 3 1 3 0 0 0 1 1 0 0 1 1 0 1 0 1 1 0 0 1 0 1 1 1 1 1 0 1 0 1 0 0 1 0 1 1 1 0 1 1 1 0 0 1 0 1 1 0 1 0 0 1 1 1 1 0 1 0 1 1 1 1 0 0 1 1 0 0 0 1 0 0 1 0 0 0 1 0 0 1 1 1 1 1 0 1 0 0 0 0 1 1 1 1 0 0 1 1 1 1 0 1 1 0 0 1 1 0 1 1 1 0 1 1 1 1 1 0 0 0 0 1 1 0 0 0 0 1 1 0 1 1 1 0 0 1 0 0 1 1 0 0 0 0 0 1 0 0 1 0 0 0 0 1 0 0 0 1 1 1 1 1 1 0 1 1 1 1 1 0 0 0 1 0 1 1 0 1 1 1 1 1 1 0 1 1 0 0 0 1 0 0 0 0 0 1 0 0 0 1 1 1 1 0 0 1 0 0 1 0 1 0 3313.33
2522.32 3 2 2 1 3 3 4 1 1 1 4 3 4 1 1 0 0 1 1 1 0 1 1 0 1 0 1 1 0 0 1 0 1 0 0 1 1 0 0 0 1 0 0 0 0 0 1 1 1 0 0 1 1 0 1 0 0 0 0 1 1 1 0 1 0 1 0 1 1 1 1 0 0 0 0 1 1 0 1 0 1 0 0 0 0 0 0 0 1 1 1 0 0 0 0 0 1 1 0 0 0 0 1 1 0 1 0 0 0 1 0 1 1 0 1 0 1 0 0 1 0 1 1 0 1 1 1 1 1 1 1 0 0 1 1 1 0 0 0 0 0 0 0 0 0 0 1 0 0 1 1 1 0 1 0 0 1 0 0 1 0 0 1 1 1 0 1 1 1 0 0 0 0 1 0 0 1 1 0 1 1 1 1 1 1 1 0 0 0 0 1 1 0 0 0 1 0 1 1 1 0 0 0 0 1 0 0 0 1 0 0 0 0 0 0 1 1 1 1 0 0 2 1 3462.74
2404.68 2 3 1 3 2 4 2 3 4 1 1 2 1 1 1 0 1 1 1 1 1 1 1 1 1 1 1 1 1 0 0 0 0 1 0 0 0 1 0 1 0 0 0 1 1 0 1 0 1 0 0 1 1 1 0 0 1 1 1 0 0 0 1 0 0 1 0 0 1 0 0 1 0 1 1 1 0 1 1 0 0 1 1 1 1 1 1 1 0 1 1 0 1 0 0 0 1 1 1 1 1 0 1 0 0 0 1 0 0 1 1 1 0 1 0 1 1 1 1 1 1 0 0 0 0 0 0 1 1 0 1 0 0 0 1 0 1 1 0 0 0 1 1 1 0 1 0 1 1 1 1 1 1 1 1 0 0 0 0 0 0 1 1 1 1 0 0 0 0 0 0 1 0 0 1 0 1 0 0 0 0 1 1 0 0 0 0 1 1 0 1 0 1 1 1 0 0 0 1 0 0 0 0 1 0 1 1 1 0 1 0 0 0 0 0 0 1 1 1 0 1 3 1 3811.17
2338.04 2 4 3 3 3 2 3 2 1 3 1 4 3 4 0 0 0 0 1 0 0 0 1 0 1 0 1 1 1 1 0 0 1 1 0 0 0 1 0 0 0 0 1 0 1 0 1 0 1 0 0 1 0 1 0 0 1 0 0 0 1 0 0 1 0 0 0 0 0 1 0 1 0 1 1 1 0 0 0 1 0 0 1 1 0 1 1 1 0 1 1 1 0 0 1 0 0 0 0 0 0 1 0 1 1 1 1 0 0 0 1 0 1 0 1 0 1 0 1 0 1 0 1 1 1 1 0 1 0 1 0 1 0 0 0 0 0 1 0 1 0 0 1 0 1 1 1 1 1 1 0 1 1 1 1 1 0 0 1 0 0 1 1 1 0 1 0 1 1 1 1 1 1 1 0 0 0 0 1 0 0 0 0 1 0 1 1 1 0 1 0 1 0 1 0 0 0 1 1 0 1 0 1 0 1 0 1 1 1 1 1 1 0 1 1 0 0 1 0 1 1 3 0 3022.34
4027.25 4 3 1 2 2 2 3 4 3 4 1 3 1 1 0 0 0 1 0 1 0 1 0 1 1 0 0 0 0 1 1 0 0 1 1 0 0 0 0 1 1 1 1 0 0 0 1 1 0 0 0 0 1 1 0 1 1 0 0 1 0 1 1 1 0 0 1 1 0 0 1 1 1 0 0 1 0 1 1 0 0 0 0 1 0 1 0 0 0 1 1 0 1 0 0 0 0 1 1 1 1 1 0 1 0 0 1 1 1 0 0 1 0 0 0 1 0 0 1 1 1 1 0 1 0 1 1 1 0 1 1 0 0 1 1 0 1 1 1 1 1 0 0 1 1 0 1 1 0 0 1 1 0 1 0 1 0 0 0 1 0 1 0 1 0 1 0 1 1 1 0 1 1 0 1 1 0 0 1 1 1 0 1 1 1 1 1 1 0 1 1 1 1 1 1 1 1 0 1 1 1 1 0 1 0 0 1 1 0 1 1 1 0 1 1 1 1 1 0 1 0 1 0 2999.52
3838.05 4 3 4 2 1 3 3 2 1 2 2 2 4 2 1 0 1 1 0 0 0 0 1 1 0 1 0 0 0 0 0 0 0 0 0 0 1 1 1 1 1 1 0 0 1 1 0 0 0 1 1 1 0 1 1 0 0 1 1 1 1 1 1 1 1 1 1 1 0 1 1 0 1 1 0 0 1 0 1 0 1 1 1 0 0 1 1 1 1 1 1 1 1 1 1 0 1 0 0 0 1 0 0 0 0 1 1 1 0 0 1 0 1 1 0 0 0 0 0 1 1 0 0 1 1 1 1 1 0 1 0 1 1 0 1 0 1 1 1 0 0 0 1 1 0 1 0 0 0 0 0 0 1 1 0 1 0 1 0 1 1 1 0 0 1 1 0 0 1 0 0 1 0 1 0 0 1 0 0 1 0 0 0 0 1 1 1 1 0 1 0 1 1 0 1 0 0 1 0 1 0 1 1 1 1 1 0 1 1 1 0 0 0 0 1 1 1 1 1 1 0 2 1 2256.68
2654.69 3 2 2 2 3 4 3 2 2 2 3 1 3 2 0 0 1 0 1 0 1 1 1 1 1 1 0 1 1 1 1 1 0 1 0 0 0 1 0 0 0 0 0 0 0 1 0 0 0 0 0 0 1 1 0 1 1 1 1 1 1 1 1 1 0 0 1 0 0 1 1 1 1 0 0 1 1 0 0 1 1 0 1 0 1 0 1 0 1 0 0 0 0 1 0 1 0 0 0 1 0 1 0 0 1 0 1 1 1 0 0 0 0 1 0 0 0 1 1 1 0 0 0 1 1 1 1 1 0 1 0 0 0 0 1 0 0 1 0 0 0 0 1 0 0 1 1 1 1 1 0 1 1 1 0 1 0 0 1 0 1 1 0 1 1 0 0 1 1 1 1 0 0 1 0 1 1 0 0 1 1 1 1 1 0 1 1 0 1 0 0 0 1 0 0 1 0 0 1 0 0 1 1 0 0 1 1 1 1 0 0 0 0 0 1 0 0 0 1 1 1 2 1 3022.53
4220.40 2 2 1 1 4 3 4 2 1 4 3 3 3 1 0 0 0 1 0 1 0 1 0 0 1 1 1 0 1 0 0 1 1 0 0 1 0 0 0 1 0 1 0 0 1 1 0 1 0 0 1 1 0 0 0 1 0 0 0 0 0 0 1 1 1 1 1 1 1 1 0 0 1 0 1 0 1 0 1 1 1 1 1 1 0 0 1 0 1 0 0 0 0 1 0 0 0 0 1 0 1 1 0 0 0 0 0 0 0 1 1 0 1 0 1 1 0 0 1 0 0 0 0 0 0 0 1 0 0 0 1 1 1 1 1 1 0 1 0 1 0 1 1 0 1 1 0 1 0 0 0 0 1 0 0 1 0 1 0 1 1 1 1 0 0 0 1 0 0 1 0 1 0 0 0 1 1 0 0 0 1 0 0 1 1 0 0 0 1 0 1 0 0 1 1 0 0 0 0 1 0 0 1 1 1 0 0 0 0 1 1 1 1 0 1 0 1 0 0 0 0 3 0 2529.15
4160.58 1 3 2 2 3 3 2 2 2 2 4 3 4 1 0 0 0 0 0 0 1 1 0 0 1 0 0 0 1 1 0 0 0 1 0 1 1 1 1 1 0 0 1 0 0 0 1 0 1 1 1 0 1 1 1 0 0 0 0 1 0 1 0 0 1 0 1 1 0 0 0 0 0 0 0 0 0 1 1 0 1 1 1 1 1 0 1 1 1 0 0 1 0 0 0 0 1 1 0 1 1 1 0 1 1 1 0 1 1 1 0 1 1 1 1 1 1 0 1 0 1 0 0 0 1 1 1 1 1 1 0 0 0 1 1 0 0 1 0 0 1 0 1 0 1 1 0 0 1 1 1 0 0 1 1 0 0 0 0 0 1 0 0 1 1 0 0 1 1 0 0 1 1 1 0 0 1 1 1 0 0 0 0 0 0 0 0 1 0 0 1 0 1 1 0 1 1 0 0 1 1 0 0 0 1 0 1 1 0 0 1 0 0 1 0 0 1 1 0 1 1 3 0 3404.97
2184.30 1 3 4 2 1 4 4 3 1 2 3 4 4 2 0 0 0 1 0 0 1 1 1 1 0 0 0 1 0 0 1 1 0 0 1 1 0 1 0 1 0 1 0 1 1 1 1 1 0 1 0 0 0 1 0 0 1 1 0 0 1 0 0 1 0 1 0 0 0 1 0 1 1 1 0 1 1 1 0 0 0 1 1 0 1 1 0 0 1 0 0 1 0 1 1 1 0 1 0 0 0 1 1 0 1 0 0 0 1 1 1 0 0 1 1 1 1 1 0 0 0 0 0 0 1 1 1 1 0 1 0 0 0 1 0 0 0 0 0 0 0 0 0 1 1 0 0 1 1 0 0 1 0 0 0 1 0 1 0 0 1 1 0 0 0 0 1 0 0 0 0 0 0 1 0 1 1 0 1 0 1 0 0 0 1 0 1 0 1 1 0 0 1 1 0 1 1 0 1 0 0 1 1 0 0 0 0 0 0 0 0 1 1 1 0 0 1 0 0 1 0 3 1 4205.31
3325.74 4 2 3 4 1 4 2 3 4 2 1 2 4 2 1 0 0 1 0 1 1 0 1 0 0 1 0 1 0 1 0 0 0 1 1 1 1 0 0 0 1 1 1 1 1 1 0 1 0 1 0 1 1 0 1 1 0 1 0 1 1 0 0 1 1 1 0 1 1 0 1 0 0 0 1 0 1 0 1 0 1 1 0 0 0 0 1 1 0 0 0 1 1 0 0 0 1 0 1 0 0 0 0 0 1 1 0 0 0 0 0 0 0 1 1 1 1 0 0 0 0 0 1 0 0 1 0 1 0 1 1 1 1 1 1 0 1 1 1 1 1 0 0 1 1 0 1 1 0 1 0 1 0 1 0 1 1 1 1 1 1 1 0 1 1 1 1 1 0 1 1 1 0 0 1 1 1 1 0 1 1 0 1 1 0 1 0 1 0 1 1 1 1 1 0 1 0 1 1 1 0 0 0 1 0 1 0 0 1 1 1 0 1 0 1 1 1 1 0 1 1 2 1 2199.07
3595.33 2 1 3 2 4 4 2 2 3 3 3 1 4 3 1 0 0 0 0 0 1 1 0 0 1 1 1 0 0 1 0 0 0 0 1 1 1 1 0 1 0 1 1 0 1 0 1 0 0 0 0 1 0 1 1 0 1 1 0 1 0 1 1 0 0 0 1 0 0 0 1 0 1 0 0 1 0 0 0 1 1 0 0 1 0 0 1 0 1 1 0 1 0 1 1 1 1 0 1 1 1 1 0 1 0 1 1 1 0 1 0 1 0 1 0 1 1 0 0 0 1 1 1 0 0 1 1 0 1 1 1 1 0 1 0 1 0 1 0 1 1 1 1 0 0 0 0 1 0 0 1 0 1 1 0 0 0 1 0 0 0 1 0 0 1 0 0 0 0 1 0 1 0 0 0 1 1 0 0 0 1 0 0 0 1 0 1 0 0 1 0 1 1 0 1 1 1 0 0 1 0 1 0 1 0 0 0 1 0 0 0 1 1 1 0 1 0 0 0 0 1 1 0 2713.68
3646.95 2 3 2 3 2 2 3 3 3 2 3 2 1 1 0 1 1 0 1 0 0 0 1 0 0 1 1 1 0 1 1 1 0 0 0 1 1 0 1 1 1 1 1 1 0 0 0 0 0 1 1 1 0 1 0 1 0 0 1 0 0 1 0 0 0 0 0 0 0 0 0 1 0 1 1 1 1 1 1 0 0 0 0 0 1 0 1 1 1 0 0 0 1 0 1 1 1 1 1 0 1 0 1 0 1 0 1 0 1 0 1 0 0 1 0 0 0 0 0 0 1 0 1 0 1 1 1 1 1 0 1 1 1 1 1 0 1 0 1 0 1 0 0 0 0 1 0 1 1 1 1 1 1 1 1 0 1 1 0 1 0 1 0 0 0 0 0 1 1 1 1 0 0 1 1 0 0 0 0 0 1 1 0 1 0 1 0 1 0 1 0 1 1 1 0 1 0 0 1 0 1 1 0 0 0 1 0 1 1 1 1 0 1 1 1 0 1 1 0 1 1 3 1 2431.27
2983.24 1 3 3 3 2 2 3 1 1 3 2 2 2 3 1 0 0 0 1 1 1 1 1 0 0 1 0 0 1 0 0 0 0 1 1 1 0 1 0 0 0 0 0 0 0 0 0 1 1 1 0 1 1 0 1 1 1 1 1 0 1 1 0 0 0 1 1 0 1 1 0 0 1 1 0 0 1 0 1 1 0 1 1 1 1 1 0 0 1 1 1 1 0 0 0 1 1 1 1 0 0 1 1 1 0 0 1 0 0 1 0 0 1 0 0 1 0 0 1 1 0 1 1 0 1 1 0 1 1 1 0 0 0 0 1 0 1 0 1 1 0 0 1 0 0 1 1 1 0 1 0 0 1 0 1 0 1 1 1 1 1 0 0 0 0 1 1 1 1 0 0 1 0 1 0 0 1 1 1 0 0 0 0 1 1 1 1 0 1 0 0 0 1 0 1 1 1 1 1 1 1 0 0 0 1 1 0 1 1 0 1 0 1 1 0 0 1 0 0 0 0 2 1 4271.06
3127.32 2 3 4 2 2 2 1 2 1 1 2 4 2 2 0 0 1 1 1 1 1 1 1 0 1 0 0 0 1 0 0 0 0 0 1 1 1 0 1 0 0 0 1 1 1 1 1 1 0 1 0 1 1 0 1 0 1 1 1 0 1 0 1 0 1 1 1 1 1 0 0 0 1 0 0 1 0 0 0 0 0 1 0 1 1 1 1 0 0 1 1 0 1 0 1 0 0 1 1 1 0 1 1 0 1 1 0 1 0 0 0 1 1 0 0 1 0 0 1 0 0 0 0 0 1 0 1 0 1 0 1 0 0 1 1 1 0 1 1 1 0 0 1 1 0 0 0 1 1 0 0 0 1 0 1 1 1 0 0 1 1 0 1 0 0 1 0 0 0 0 1 1 0 1 1 1 1 0 1 1 1 1 1 0 1 1 1 0 1 0 1 1 0 0 1 1 1 0 1 1 1 1 1 0 0 0 0 0 0 0 1 1 0 1 0 0 0 1 1 1 1 2 0 3607.75
4081.42 2 3 3 1 4 3 4 2 2 1 3 1 2 2 1 1 0 1 1 0 1 0 1 0 1 1 0 1 0 0 1 1 1 0 1 0 0 1 0 1 0 1 1 1 1 1 1 0 0 1 0 1 1 1 0 1 0 1 0 0 1 0 0 0 0 0 0 0 0 0 1 1 0 0 0 1 0 0 0 1 1 1 1 0 0 1 1 0 0 0 0 0 0 0 1 0 1 1 0 1 1 0 1 1 0 1 1 1 1 1 1 1 0 0 1 1 1 0 1 0 1 1 0 1 0 1 1 1 0 1 1 0 0 0 1 0 1 0 0 1 0 1 0 1 1 1 0 1 0 0 1 1 0 1 1 0 1 0 1 1 0 1 0 1 1 1 0 0 1 0 1 0 0 1 0 1 1 0 1 0 0 1 0 0 0 1 1 0 1 0 0 1 1 1 1 1 0 1 0 0 0 0 1 1 0 0 0 0 1 0 1 0 1 0 1 0 1 1 1 1 1 1 1 3571.48
3464.40 2 3 2 4 4 3 1 3 2 3 3 2 2 1 1 1 0 0 1 1 1 0 0 0 1 1 1 1 0 1 1 0 1 1 1 0 0 1 1 1 0 1 1 0 1 0 1 1 1 0 1 0 1 0 0 1 0 0 0 1 1 0 0 1 1 0 0 0 1 1 0 0 0 0 1 1 1 1 0 1 0 1 0 1 1 1 1 1 1 1 1 0 0 1 0 0 0 0 1 1 0 0 0 1 0 1 0 0 0 0 0 0 0 0 1 0 0 1 1 1 1 0 1 0 0 1 1 0 1 0 1 1 0 0 1 0 1 1 1 1 0 1 1 0 0 1 0 0 0 0 1 0 0 1 0 1 1 1 1 0 1 1 0 1 0 1 0 1 1 1 1 1 1 0 1 1 0 0 0 1 0 1 1 0 1 0 1 0 0 0 0 0 1 0 1 1 0 0 1 1 0 1 1 1 1 1 0 0 1 0 0 0 1 0 1 0 0 1 0 0 1 2 1 2229.98
2664.20 2 4 3 3 4 2 2 4 3 2 3 4 3 1 1 1 1 1 0 1 0 1 1 1 0 1 1 1 0 1 1 0 0 0 0 1 1 1 0 1 0 0 0 0 1 1 0 0 1 0 0 1 0 0 1 0 1 1 0 1 0 1 1 1 0 1 1 1 0 0 1 1 0 0 1 0 1 0 1 0 1 1 0 1 0 0 0 1 1 0 1 0 1 0 1 0 0 0 1 1 0 1 0 1 1 1 1 0 0 0 1 0 0 1 0 0 1 1 0 1 0 1 0 1 0 0 0 1 1 1 0 1 0 1 1 0 0 1 0 0 1 0 1 1 0 1 0 1 0 1 0 1 1 0 0 0 1 0 1 0 0 1 1 1 0 0 0 1 0 0 1 0 1 0 0 1 1 0 0 0 0 0 1 1 0 1 1 1 0 1 0 1 0 1 1 0 1 1 1 1 1 1 1 1 0 1 0 0 1 1 0 1 1 0 1 1 0 0 1 1 1 2 1 3301.55
3504.33 3 1 2 3 4 3 3 3 1 3 3 2 3 3 1 1 1 1 0 1 1 0 0 1 1 0 1 1 0 1 1 0 1 0 0 1 0 1 0 1 0 1 0 0 0 1 0 0 0 0 1 1 0 1 0 0 0 0 0 1 0 0 0 1 1 1 0 1 1 0 0 1 0 1 1 0 1 0 1 1 0 1 0 0 0 0 0 1 0 0 1 0 0 1 1 0 1 0 0 0 0 1 0 1 0 1 1 1 0 1 1 0 0 1 0 0 1 0 0 0 0 1 0 1 1 1 1 0 1 0 0 0 1 1 1 0 1 0 0 0 1 0 1 0 0 1 1 0 0 1 1 0 0 0 1 1 0 1 1 1 1 1 0 1 1 0 0 0 0 0 0 1 0 0 1 1 1 1 0 1 0 0 1 0 0 0 1 0 1 1 0 0 0 0 1 1 1 1 1 1 1 1 0 0 0 0 1 0 0 0 0 0 1 0 1 0 1 1 0 0 0 2 1 3286.03
3733.61 1 2 3 1 4 3 2 3 4 3 4 2 2 4 1 1 0 0 0 1 0 0 0 1 1 0 0 0 0 0 0 0 1 0 0 0 0 0 1 0 0 0 1 1 1 1 0 1 1 1 1 1 0 0 0 1 0 0 0 0 1 1 0 0 0 1 1 1 1 0 1 0 1 0 0 1 1 0 0 1 1 1 1 1 1 1 1 1 0 1 1 0 1 1 1 1 0 1 0 1 1 1 0 0 1 1 1 1 0 0 1 0 1 0 0 0 1 1 1 0 1 0 1 1 0 0 0 1 1 1 0 0 1 0 0 0 1 1 0 0 1 0 0 0 1 1 0 1 1 1 1 0 0 1 0 0 0 0 1 1 1 1 0 1 1 1 0 1 1 0 0 0 1 1 1 0 1 0 1 1 0 1 1 1 1 1 1 1 1 1 1 1 0 0 1 0 0 0 0 0 0 1 0 1 1 0 0 0 1 0 1 1 0 1 1 1 0 0 0 0 0 2 0 2793.89
3057.02 2 4 4 1 2 3 2 2 2 2 2 4 2 1 0 0 1 0 0 1 1 1 0 0 1 0 0 1 0 0 1 1 0 0 0 1 0 0 1 0 0 1 1 1 0 1 0 1 1 1 1 0 0 0 0 0 0 1 0 0 0 0 0 1 1 1 1 1 0 1 0 1 1 0 1 0 0 0 1 1 0 1 0 0 1 1 0 0 0 0 0 1 1 1 1 1 1 1 0 0 1 0 1 0 1 0 0 1 0 0 1 0 1 1 0 1 1 1 0 1 0 0 0 0 0 1 0 1 1 0 0 1 0 0 0 1 1 0 1 1 0 1 0 0 1 0 1 0 1 0 0 0 1 0 0 1 0 1 0 0 1 0 1 0 1 0 1 0 1 0 0 0 0 1 0 1 1 1 0 1 0 0 0 1 0 1 1 1 0 0 0 0 1 0 1 1 0 1 1 0 0 0 1 0 0 1 0 0 0 1 0 1 0 1 1 0 0 0 0 0 0 1 1 3106.15
2807.56 1 3 1 3 2 2 4 2 2 2 1 3 2 3 1 0 1 1 0 0 1 1 0 1 0 0 0 0 1 1 1 1 0 0 1 1 1 1 1 1 0 0 1 0 1 1 0 1 1 1 0 1 0 1 0 0 1 0 0 0 0 0 0 0 1 1 1 0 0 0 1 1 1 0 1 0 0 0 1 1 1 0 1 1 1 1 0 0 1 1 0 0 0 1 0 1 1 0 0 0 1 1 0 0 1 1 1 0 0 1 1 0 0 0 0 0 1 0 1 1 1 1 1 0 0 1 0 1 1 0 1 0 1 0 0 1 0 1 0 0 0 0 0 1 1 0 1 1 0 0 0 1 1 1 1 0 0 0 0 0 1 0 0 1 1 1 1 0 1 1 1 1 1 1 1 0 1 0 0 1 0 1 1 1 0 1 1 0 0 0 0 0 1 0 1 0 0 0 0 0 1 0 1 1 0 1 1 1 1 0 1 0 0 1 1 0 0 1 1 1 0 2 0 4095.78
2940.45 3 3 3 4 4 1 4 1 2 1 3 2 2 1 0 0 1 0 0 1 0 1 1 1 0 1 0 0 1 1 0 0 0 0 0 0 0 1 0 1 0 1 1 0 0 1 0 0 1 0 0 1 0 1 1 0 0 0 1 1 1 1 1 1 1 1 0 1 1 1 0 1 1 0 0 1 0 0 1 1 0 0 1 0 1 0 1 0 0 0 1 0 1 1 0 0 0 0 1 1 1 0 0 1 1 1 0 0 0 1 1 1 1 0 1 0 1 0 1 1 1 0 0 1 0 0 1 0 0 0 0 0 0 0 1 1 1 1 0 0 0 1 1 0 1 1 0 1 0 0 1 1 0 1 0 1 1 0 0 0 0 0 0 0 0 1 1 0 1 1 0 0 1 1 0 0 0 0 0 0 0 0 1 0 0 1 0 0 0 0 1 1 0 0 1 0 0 0 0 0 0 1 1 1 1 0 1 0 0 1 1 0 1 0 0 0 0 0 0 0 0 2 0 3442.82
3590.97 4 2 3 4 3 1 4 1 3 3 2 2 1 3 0 0 0 1 0 0 1 1 1 1 1 0 1 0 0 1 1 0 0 0 0 1 1 1 1 0 1 0 0 0 0 0 0 1 0 0 1 1 1 1 0 0 0 0 0 0 1 1 1 0 0 0 0 1 0 1 1 1 1 0 1 1 1 1 0 0 0 0 0 1 0 0 1 0 1 0 1 1 1 1 0 1 1 0 1 0 0 1 0 0 1 1 0 0 0 0 0 1 0 0 0 0 1 0 1 0 1 0 0 0 1 1 1 1 0 1 1 0 0 0 0 1 0 0 0 0 1 0 1 0 0 1 0 1 0 0 0 1 1 0 0 0 0 1 1 0 0 0 1 1 0 1 0 1 1 0 0 0 1 0 1 1 0 0 1 0 1 0 0 1 1 1 1 1 1 0 1 1 1 1 0 0 1 0 1 0 1 0 1 0 0 1 0 0 1 1 1 1 1 1 1 1 1 1 1 1 1 2 1 3464.67
3326 2 3 2 2 3 3 3 2 4 3 4 1 3 3 1 1 1 0 1 0 1 1 1 0 0 0 1 1 0 0 0 0 0 1 1 0 1 0 1 0 0 1 0 0 1 1 0 1 0 0 0 0 1 1 1 0 0 1 1 0 0 0 1 0 1 1 1 1 0 1 0 1 1 1 0 1 1 1 1 1 1 1 0 1 0 1 0 0 0 0 1 1 0 0 1 1 1 0 1 1 1 0 1 1 0 0 0 0 1 1 1 1 1 1 0 1 0 0 0 0 1 0 0 1 1 0 1 0 0 1 0 0 0 1 0 0 1 1 1 1 0 1 1 1 0 1 1 0 1 0 1 1 1 0 1 0 1 0 1 1 0 1 0 1 0 0 0 1 1 0 0 1 0 1 0 1 0 1 0 0 1 1 0 1 0 0 0 0 0 1 0 1 0 0 0 0 0 0 0 0 0 0 0 1 1 0 1 1 0 1 1 1 1 0 0 0 0 1 0 1 0 1 0 2370.70
2824.05 2 1 3 1 2 1 1 2 2 3 1 2 4 1 1 1 0 0 1 0 0 0 0 0 1 1 0 1 1 0 1 0 1 0 1 1 1 0 0 0 0 0 0 0 1 0 0 0 1 1 1 0 1 0 0 0 0 1 0 0 0 1 0 0 0 0 0 0 1 0 0 0 1 1 0 1 0 1 0 0 1 1 0 1 0 0 0 0 0 1 1 1 1 0 0 1 0 0 1 1 0 0 0 1 0 1 0 0 1 1 0 0 0 1 0 0 0 1 0 1 0 0 0 0 1 0 1 1 1 1 0 0 0 1 1 0 1 1 1 0 0 0 1 1 1 0 1 0 0 1 0 1 1 0 1 1 1 1 0 1 1 0 0 1 1 1 0 0 1 1 0 0 0 0 0 1 1 0 0 1 1 0 1 0 1 0 0 1 1 0 0 1 1 0 1 1 0 1 0 1 0 0 1 0 0 1 0 1 0 0 1 1 0 1 1 0 1 1 1 0 0 2 1 3726.61
3124.12 3 2 2 3 1 1 4 4 4 4 4 3 2 3 0 0 0 1 0 1 0 1 0 0 1 0 0 1 1 0 0 0 1 0 0 1 0 0 0 1 1 1 1 1 1 1 1 0 0 0 1 0 0 0 0 0 0 1 1 0 0 1 1 1 0 0 0 0 1 1 1 0 1 0 1 0 0 1 0 1 0 0 0 0 0 0 1 0 0 0 0 0 1 1 1 0 0 0 0 1 1 0 1 0 0 1 1 0 1 0 0 0 0 1 1 0 0 0 1 1 0 0 1 1 0 0 1 1 1 0 1 1 1 0 1 1 1 0 0 0 0 1 0 0 0 1 0 1 0 1 1 1 1 0 1 0 1 1 0 0 1 0 0 1 1 1 0 0 1 0 0 1 0 0 0 0 0 1 1 0 1 1 0 0 1 1 1 0 1 0 0 0 0 1 1 1 1 1 1 0 1 1 0 1 0 0 1 0 0 0 1 1 0 0 1 0 1 1 1 0 1 2 0 3069.70
2430.15 2 2 4 4 4 1 3 2 2 2 3 2 2 4 1 1 0 0 1 0 0 1 0 0 1 0 1 0 0 1 0 1 0 1 0 1 1 0 0 0 0 0 1 0 0 1 0 0 1 1 0 1 1 1 1 1 1 0 0 0 0 1 1 0 1 1 0 1 1 0 0 1 1 0 0 1 0 0 1 0 1 0 1 0 0 0 1 1 1 0 0 0 0 1 0 0 0 1 0 0 1 0 0 0 0 0 0 0 0 0 0 0 1 1 0 1 1 0 1 0 1 1 1 1 0 1 1 0 1 0 0 1 0 1 1 0 0 1 0 1 1 1 0 0 1 1 0 1 1 0 0 1 0 0 0 0 1 1 1 1 0 1 0 1 0 0 1 1 1 1 0 0 1 1 1 1 0 1 1 0 1 0 1 0 0 1 1 0 0 0 0 0 0 0 0 1 0 0 0 0 0 1 1 1 0 1 1 1 1 1 1 1 1 1 0 1 1 0 1 1 0 3 0 3830.59
3172.22 2 1 3 3 3 2 4 2 1 4 3 1 2 2 1 1 0 0 1 1 0 0 0 1 1 1 0 0 1 1 1 0 0 1 1 0 0 0 1 0 1 0 1 0 1 0 0 1 1 0 0 0 0 1 1 1 1 1 0 1 1 1 1 0 0 1 1 1 1 1 0 1 0 1 0 1 1 1 1 0 0 0 0 0 1 0 0 0 1 0 1 0 0 1 1 0 1 1 1 1 1 0 0 1 1 1 1 0 1 0 1 0 0 1 0 1 1 0 0 0 1 1 1 0 1 0 0 0 1 0 1 0 1 1 0 1 1 0 0 0 0 0 0 1 0 0 0 1 0 0 0 0 1 0 1 0 1 0 0 1 0 0 0 1 0 0 0 0 0 0 0 0 0 0 1 0 0 1 0 1 0 1 1 1 0 0 1 0 1 0 0 0 0 0 1 1 1 0 1 1 0 0 0 1 1 0 0 1 0 0 0 0 0 0 0 1 0 1 0 0 0 2 0 3552.36
2768.24 1 3 3 3 3 2 3 2 4 3 3 4 4 3 0 0 1 0 0 0 1 0 0 1 1 0 0 0 0 1 1 0 1 1 0 1 1 0 0 1 0 0 1 1 1 1 0 0 0 0 1 0 0 1 1 1 1 0 0 1 1 1 0 0 1 0 1 1 0 0 1 0 1 1 1 1 1 1 1 0 1 1 1 1 1 1 0 0 0 1 1 0 1 1 1 0 0 0 1 0 1 1 0 1 0 0 1 1 1 0 0 0 0 0 0 0 1 0 1 1 1 0 1 0 0 0 1 1 1 1 1 1 0 0 1 1 1 0 1 0 0 1 1 0 1 1 0 1 1 1 0 0 0 1 1 0 0 0 1 1 1 1 1 1 0 0 0 0 0 1 1 1 1 1 0 0 1 0 1 1 0 1 0 0 1 1 0 0 1 1 1 0 1 1 0 1 0 0 1 0 0 1 0 1 0 1 0 0 0 1 1 0 1 0 1 1 0 0 1 1 1 2 1 2583.76
3789.87 3 4 4 2 3 4 2 2 2 2 2 4 3 3 0 0 1 0 1 0 1 1 0 1 1 1 0 1 1 1 1 0 1 0 1 0 0 1 1 0 1 1 1 1 1 0 1 0 1 0 1 1 1 0 1 0 0 1 0 0 0 0 1 1 0 1 0 0 0 1 0 0 0 0 0 1 0 1 1 0 0 0 1 0 1 0 1 1 1 0 1 1 0 1 0 1 0 1 0 1 0 1 0 0 0 1 1 0 1 1 0 1 0 0 0 0 1 0 0 1 0 1 1 1 1 0 1 0 0 0 1 0 1 0 1 1 0 0 1 0 1 0 0 1 1 1 1 0 1 0 0 1 0 1 0 0 0 1 0 1 1 0 1 1 1 1 1 1 0 0 0 1 1 0 1 0 0 0 1 0 1 0 1 1 0 1 1 1 0 1 1 1 0 0 1 1 1 0 0 0 1 1 0 1 1 1 1 0 0 0 0 0 1 0 1 1 1 1 0 1 0 3 0 2991.72
2448.21 3 3 3 2 2 2 3 3 2 3 1 3 2 2 0 1 0 1 0 0 0 1 1 1 0 0 1 0 1 1 1 0 1 0 0 1 1 0 0 0 1 0 0 1 0 0 0 1 1 1 0 0 0 0 0 1 0 0 1 1 1 0 0 1 1 1 0 1 1 1 1 0 0 0 1 1 1 0 0 0 1 0 0 1 1 1 0 1 0 0 1 0 0 1 1 1 1 1 1 0 1 0 0 1 1 1 1 1 1 0 0 1 0 1 0 1 1 1 0 0 0 1 1 1 0 1 0 1 0 1 1 0 0 0 0 0 0 1 1 0 0 0 0 0 1 1 1 1 0 1 0 0 1 0 0 0 0 1 0 1 0 0 0 0 1 0 0 1 1 0 0 1 0 0 0 0 0 1 1 1 0 0 0 1 1 0 0 1 0 0 1 0 1 0 0 0 1 1 1 0 1 1 0 1 1 1 0 1 0 0 0 1 1 1 1 1 1 0 1 0 0 1 0 4102.74
2180.41 2 1 3 2 2 2 2 3 4 4 3 4 3 3 0 1 1 1 0 0 0 0 0 0 1 0 1 0 0 1 1 1 0 0 1 1 0 0 1 1 0 1 0 1 0 0 1 0 0 1 0 1 1 1 0 0 0 0 1 1 0 1 1 1 0 0 1 0 1 1 1 0 0 1 1 0 1 0 1 1 0 0 1 0 1 0 0 0 1 1 0 0 1 0 1 1 1 1 1 0 0 0 0 1 0 0 0 1 0 0 1 1 1 1 1 1 1 0 0 0 1 1 0 1 0 1 1 1 0 1 0 0 1 0 0 1 0 0 1 1 1 0 1 0 0 0 0 1 0 0 0 0 0 0 0 1 1 1 1 1 1 1 1 0 1 1 0 0 0 1 0 0 1 0 1 1 0 1 1 1 0 0 1 0 1 0 0 0 0 1 0 1 0 0 0 0 0 0 1 0 1 1 1 1 0 1 1 0 0 1 1 1 1 0 1 1 0 0 0 1 1 1 0 2677.75
2296.58 3 1 1 1 2 2 2 3 3 3 3 3 3 2 0 0 1 0 0 1 0 0 1 0 0 0 1 1 0 0 1 1 1 0 1 1 0 1 1 0 0 0 1 1 1 1 0 1 0 1 1 1 0 0 1 0 1 1 0 1 1 0 1 1 0 0 1 0 0 0 1 1 1 0 0 0 1 1 0 0 0 1 0 0 1 1 0 0 1 0 0 1 0 1 0 0 0 1 0 1 0 0 1 1 1 1 0 1 0 0 0 0 1 0 1 0 1 0 0 1 1 1 0 0 1 0 1 1 1 0 0 0 1 1 1 1 1 0 0 1 0 0 1 0 1 0 1 1 1 1 0 0 0 0 1 0 0 0 1 1 0 0 0 0 0 1 1 1 1 1 0 1 0 1 0 0 0 1 0 0 0 0 1 0 0 0 0 0 1 1 0 0 0 0 0 1 0 0 0 0 0 1 1 1 1 0 0 1 0 0 0 0 1 0 0 0 0 0 1 1 1 3 1 2561.62
2796.65 1 2 2 4 1 2 2 1 3 1 3 3 4 2 1 0 1 1 0 0 0 0 0 1 0 0 0 0 0 0 1 0 0 0 0 0 0 0 0 1 0 1 0 1 1 1 0 1 0 0 1 1 1 1 0 0 1 1 0 0 1 1 0 0 0 1 0 1 1 0 0 1 1 0 1 0 1 1 1 0 1 0 1 1 0 0 0 1 1 1 1 1 1 0 0 1 0 0 0 0 1 0 1 1 1 1 0 1 1 0 0 0 1 1 0 1 1 0 0 1 0 0 0 1 0 0 1 1 1 1 1 0 0 0 0 1 1 1 0 0 0 0 0 1 0 1 1 0 0 1 1 0 0 1 1 1 1 0 1 1 0 0 1 1 0 0 1 0 0 0 1 1 0 0 0 1 0 0 1 0 1 1 0 0 0 0 1 0 1 1 0 1 0 0 1 1 0 0 0 0 0 1 1 1 1 0 0 1 1 0 1 0 1 1 1 0 1 1 0 1 0 3 1 3492.90
4082.93 3 3 1 1 2 2 4 3 2 2 2 3 1 3 1 0 1 0 0 0 1 0 1 0 0 1 1 1 1 1 0 0 1 0 0 1 0 0 1 0 1 0 1 0 1 1 1 0 0 1 1 1 1 0 0 1 1 1 1 0 0 1 0 0 0 1 0 0 1 0 0 1 1 1 0 1 0 1 0 0 0 0 1 1 1 0 0 1 1 1 0 1 0 1 0 0 1 0 1 0 0 1 0 1 0 0 0 0 0 0 1 1 1 0 0 1 1 1 1 0 0 1 0 1 1 1 0 0 1 1 0 0 0 1 0 0 1 0 1 0 0 1 0 0 0 0 0 0 1 1 1 0 1 1 0 1 1 1 1 1 1 0 0 1 0 0 1 0 1 0 1 1 1 1 1 1 1 1 1 0 0 0 0 0 0 1 1 1 1 1 0 0 0 1 0 0 1 1 1 0 1 0 0 1 1 0 1 0 0 1 1 0 1 0 0 0 0 1 0 0 1 2 0 2821.34
4146.40 3 3 3 4 2 4 1 1 3 4 2 3 2 4 1 0 1 1 0 0 1 0 0 0 1 0 0 1 1 0 0 0 1 0 0 1 1 1 0 1 1 0 1 1 0 0 0 1 1 1 0 1 1 1 1 1 0 0 1 1 0 0 0 1 0 1 1 0 0 1 0 1 0 0 0 0 1 1 1 0 1 0 1 1 1 0 1 1 1 0 1 0 0 1 0 1 1 1 1 1 0 0 0 1 0 0 1 0 1 1 1 1 0 1 0 0 0 1 0 0 1 1 1 1 0 1 1 0 0 1 0 0 0 1 0 0 1 1 0 1 1 0 0 0 1 0 0 0 0 0 1 1 1 1 0 1 1 0 1 0 0 0 1 0 0 1 1 1 1 0 1 1 0 0 1 0 1 1 0 1 1 0 0 0 1 1 0 1 0 0 1 0 0 1 0 1 1 0 1 0 0 0 1 0 1 1 1 0 0 1 0 1 1 0 1 1 0 1 1 0 0 1 1 3307.78
2433.62 2 4 1 3 3 4 3 3 2 4 3 3 3 2 0 0 1 1 1 0 1 1 0 1 1 1 0 1 1 0 0 0 0 0 0 1 1 0 0 1 1 1 0 1 0 1 0 0 0 0 0 0 1 0 1 1 1 0 1 0 0 0 0 1 0 0 1 1 0 0 1 1 1 1 0 1 0 1 0 1 0 0 0 1 0 1 0 0 1 1 1 1 1 0 0 0 0 1 1 0 0 1 0 1 0 0 1 0 0 1 0 0 1 0 0 0 1 0 0 1 1 1 1 0 0 0 1 1 0 0 0 1 0 0 1 0 1 1 1 1 1 1 1 0 0 0 0 0 1 1 0 1 0 1 0 1 0 0 0 1 1 1 1 1 1 0 1 1 1 1 1 1 0 0 0 1 1 1 1 0 1 0 0 1 0 1 1 0 1 0 1 1 1 1 0 1 0 1 0 1 1 0 1 1 1 1 0 0 0 0 0 0 0 1 1 0 0 0 1 1 0 1 0 3890.23
3822.05 2 2 2 4 2 4 2 2 2 4 3 3 1 3 0 1 0 1 1 1 1 1 0 0 0 1 1 1 0 1 1 1 0 1 0 1 0 1 0 1 1 0 1 0 0 0 0 0 0 1 0 0 1 0 0 0 0 1 1 1 0 1 0 1 1 0 1 1 0 0 1 1 0 0 1 1 1 0 0 0 1 1 1 1 1 0 1 0 0 0 1 1 0 0 0 1 0 0 0 1 0 1 0 0 1 0 0 0 1 1 0 1 1 0 1 1 0 1 1 0 0 0 1 0 1 1 0 0 0 1 0 0 0 0 0 0 1 1 0 1 1 0 1 1 1 1 0 0 1 1 0 0 0 1 1 0 0 1 1 1 0 1 1 0 1 1 1 0 1 0 1 1 1 0 1 1 1 1 0 1 1 0 0 0 1 1 0 0 0 1 1 0 0 0 1 0 1 0 0 0 0 1 1 1 0 0 0 0 1 1 1 1 1 0 0 0 0 0 0 0 1 2 0 3512.18
3619.30 3 1 3 3 3 3 2 3 1 3 1 2 2 2 1 0 0 1 0 1 0 1 1 1 1 1 0 1 1 0 0 1 0 1 1 1 0 0 0 0 0 1 0 1 1 0 0 1 1 1 0 1 0 1 0 1 0 0 1 0 0 0 1 0 1 0 1 1 0 0 0 1 1 1 1 0 1 0 1 1 0 1 1 0 1 1 0 0 1 0 1 0 0 0 0 1 1 0 0 0 1 0 0 0 0 1 1 0 1 0 1 0 0 0 0 1 1 0 1 0 0 1 0 0 1 0 1 0 0 0 1 0 0 1 1 0 0 0 1 1 1 0 0 0 1 1 0 1 0 0 0 1 1 1 1 0 1 0 0 0 0 0 0 1 0 0 1 1 0 1 0 0 0 1 0 1 0 1 1 0 0 0 1 0 0 0 0 1 0 0 1 0 1 1 1 1 0 0 1 1 0 0 0 1 0 0 0 1 1 0 1 1 1 0 0 0 1 1 0 1 1 1 0 2355.75
3101.39 2 2 2 2 3 3 3 3 3 2 3 1 3 4 0 1 1 0 1 0 1 0 0 1 0 1 1 1 0 1 1 1 1 0 1 1 0 1 0 0 1 0 1 0 0 1 1 0 0 1 0 1 1 1 1 1 0 0 1 1 1 1 1 0 0 0 1 1 0 1 0 0 1 0 0 0 0 1 0 0 1 1 0 0 0 0 0 0 0 1 1 1 1 0 0 1 1 0 1 1 0 0 0 0 0 0 0 1 0 1 0 0 1 1 0 1 0 1 0 0 1 0 1 0 0 0 0 1 1 1 0 0 0 0 0 0 1 0 0 0 1 0 1 1 1 0 1 0 1 0 0 0 1 0 1 0 0 0 0 0 1 1 0 1 1 1 0 0 0 0 1 0 1 1 0 0 1 1 0 1 0 1 1 1 0 1 1 0 0 1 0 1 0 0 1 0 1 0 0 1 1 0 0 0 1 1 1 1 1 1 1 0 1 0 0 1 0 1 1 0 1 2 1 3252.89
2341.49 1 3 3 4 3 3 2 1 2 3 2 3 1 3 1 1 0 1 1 1 1 0 1 1 1 0 1 0 1 1 0 1 1 1 1 1 0 0 0 0 1 0 0 1 0 1 0 0 0 0 1 1 1 0 0 0 0 0 0 0 0 0 1 1 1 0 1 1 0 1 0 0 1 1 0 1 0 1 0 0 0 1 0 0 1 1 0 0 1 1 0 1 0 0 0 1 1 1 0 0 0 1 0 0 1 0 1 0 1 1 1 0 1 0 1 0 1 0 0 1 1 1 1 1 0 1 0 0 1 0 0 0 0 0 1 0 1 0 0 1 0 1 1 0 0 1 1 1 0 0 0 0 0 0 0 1 1 1 0 1 0 0 1 1 0 1 1 0 0 0 0 0 0 1 1 0 0 0 0 0 0 0 1 0 0 1 0 0 0 1 1 0 1 0 0 0 0 1 0 0 0 0 0 0 0 1 0 1 1 0 1 1 1 0 1 1 1 0 1 0 0 2 0 4000.31
3398.13 3 3 3 2 2 1 4 3 1 2 2 3 2 3 1 1 1 1 0 0 1 1 0 1 1 1 0 0 1 0 1 1 1 1 0 0 1 1 0 1 0 1 1 0 0 0 1 1 0 0 1 1 1 1 1 1 1 1 0 0 0 0 0 1 1 1 1 1 0 1 0 1 1 1 1 0 0 0 1 0 0 0 1 0 1 0 1 1 1 0 1 1 0 1 0 1 0 1 0 0 1 0 0 0 1 1 0 1 0 0 1 0 1 1 1 1 1 1 1 1 1 0 0 1 1 0 0 0 1 0 0 1 1 0 0 0 1 0 1 1 0 0 1 0 0 1 0 0 0 1 0 1 0 1 1 0 0 0 1 0 0 0 0 0 0 0 1 0 1 0 0 0 0 1 1 0 0 0 0 0 0 1 0 1 1 1 0 1 1 1 1 1 1 1 0 1 0 1 0 0 1 1 1 1 1 1 0 0 1 1 1 0 1 0 0 0 0 0 1 1 0 1 1 3729.97
2757.90 1 2 1 2 4 1 1 3 2 2 3 4 1 4 0 0 0 0 0 1 0 1 1 1 1 1 0 0 1 1 0 1 0 1 0 1 0 1 0 0 0 1 0 1 0 0 0 1 0 0 1 0 1 1 0 0 1 0 1 0 1 0 0 0 1 1 1 1 0 0 0 1 0 0 1 0 1 0 1 0 0 1 1 0 0 1 0 0 0 1 1 0 1 0 1 1 1 1 1 0 1 0 0 0 0 0 1 1 0 1 1 0 0 1 0 0 0 1 1 0 1 0 1 0 1 0 0 0 1 0 0 0 1 1 0 0 1 0 1 1 0 0 0 1 1 1 0 1 1 1 1 0 0 0 0 1 1 1 0 0 1 1 0 1 0 1 0 1 0 0 0 0 0 0 1 0 0 1 1 1 0 0 1 1 1 0 0 0 0 1 0 1 0 0 0 0 1 0 0 1 0 1 1 0 1 1 0 0 0 1 1 1 1 0 0 1 0 1 1 1 1 1 1 3672.17
2967.06 1 2 2 3 1 3 3 3 2 2 3 3 2 3 0 1 0 1 1 0 1 0 1 1 1 1 0 0 1 1 1 0 1 1 0 0 0 1 0 1 0 0 0 1 0 1 0 1 0 1 0 1 1 0 0 1 0 1 0 0 1 1 0 0 1 0 1 1 1 0 1 0 1 0 0 0 0 0 1 1 0 0 0 0 0 1 0 0 1 1 0 0 1 0 1 1 1 0 0 1 0 0 1 0 1 1 0 1 0 0 0 0 1 1 0 0 0 1 0 0 1 1 0 1 0 1 1 1 0 0 0 1 1 0 0 1 1 1 1 1 1 1 1 0 0 1 0 1 1 0 0 0 1 0 1 0 1 1 0 1 0 1 0 0 0 0 1 0 0 1 1 0 1 1 0 0 1 1 1 0 1 0 0 1 1 0 0 0 1 0 0 1 1 1 1 1 0 1 0 0 0 1 1 1 0 0 1 0 0 1 1 0 0 1 1 0 0 0 1 1 1 3 0 2399.60
4115.53 1 4 3 2 2 1 1 2 2 3 2 2 2 4 0 1 0 0 0 1 1 1 0 0 1 1 0 1 0 0 0 1 0 1 0 0 0 0 0 1 1 1 1 0 0 1 1 0 0 1 0 0 1 0 0 1 1 0 1 0 1 0 1 0 0 1 1 1 0 0 1 1 0 1 1 0 1 1 0 0 1 0 0 1 1 0 0 1 1 1 1 0 1 1 0 0 0 1 1 1 1 1 1 0 1 0 1 1 1 0 1 0 1 0 0 1 1 1 1 0 0 0 0 0 1 0 0 0 0 0 0 0 0 0 0 1 0 0 0 0 0 0 1 0 0 1 0 0 0 1 0 0 0 1 0 0 0 1 0 1 0 1 0 1 0 0 0 0 1 1 1 1 1 1 1 0 0 0 0 1 0 1 1 0 1 0 1 1 0 0 1 1 1 1 1 0 0 0 0 1 0 1 1 1 0 0 1 0 1 1 0 1 0 1 0 1 1 1 0 1 1 3 0 3888.15
3280.33 3 3 3 2 3 4 4 4 3 2 2 3 1 1 0 0 1 1 1 1 1 0 1 1 1 1 1 1 0 0 1 1 1 0 0 0 0 1 1 0 0 0 0 1 1 0 0 0 0 1 1 0 0 1 0 1 0 1 1 1 0 1 1 0 1 1 0 1 0 1 0 0 0 0 1 1 0 0 0 0 1 1 0 0 1 0 1 1 1 0 0 1 1 1 0 0 0 1 0 1 1 0 0 1 0 0 0 1 0 1 0 0 0 0 0 0 0 0 0 0 1 0 1 1 0 0 0 1 0 0 1 0 0 0 1 0 1 0 1 0 0 1 0 0 0 1 0 0 1 1 0 0 0 1 1 0 1 1 0 0 0 1 1 1 0 0 0 1 0 0 1 1 0 0 1 0 1 1 1 1 0 0 1 1 0 1 0 1 1 0 0 0 1 1 0 0 0 0 1 0 0 0 1 1 1 0 1 1 0 1 0 0 1 1 0 0 1 0 1 0 1 1 0 3312.55
4071.80 2 3 2 2 2 3 3 3 2 3 4 1 2 3 1 1 1 1 1 0 1 1 1 1 0 0 0 0 1 0 1 0 1 0 0 1 1 1 1 1 0 0 0 0 0 1 1 1 1 1 1 0 1 0 1 1 1 1 1 0 0 0 0 0 0 1 0 0 1 1 1 1 1 0 0 0 0 0 1 0 0 1 1 1 1 0 1 0 0 0 0 0 1 0 0 1 0 1 1 0 0 1 0 0 0 0 1 1 0 0 0 1 0 1 1 1 1 0 0 0 1 1 1 0 0 1 0 0 1 0 0 0 1 1 1 1 1 1 0 0 0 0 0 1 1 1 1 0 0 1 1 1 0 1 1 1 0 0 0 0 0 1 0 1 0 0 1 1 1 1 0 1 1 1 0 0 1 1 1 1 0 1 0 0 1 0 1 0 1 0 1 1 0 0 1 1 0 0 1 0 1 0 1 0 1 0 1 1 0 0 1 0 0 1 1 0 1 1 0 1 1 1 1 3876.61
2645.10 3 3 1 2 2 3 3 3 4 1 4 2 3 3 1 0 0 0 1 0 1 1 1 1 0 0 1 0 1 0 0 0 1 0 1 0 0 1 0 1 0 0 1 1 1 0 0 1 1 1 0 0 1 1 1 1 0 1 0 1 0 0 1 1 0 0 1 1 1 1 1 0 0 1 1 0 0 1 0 0 1 0 1 1 1 0 1 0 0 1 1 0 1 1 1 0 0 0 1 1 0 0 0 0 1 0 1 1 1 1 0 1 1 0 1 1 1 1 1 1 1 1 1 1 1 0 0 1 0 0 1 0 1 0 1 1 1 0 0 0 0 0 1 1 0 1 0 1 0 0 1 1 1 0 1 1 0 1 1 0 0 0 0 1 0 1 0 0 0 0 0 0 0 1 0 0 0 1 1 1 1 1 1 0 0 1 0 1 1 1 1 1 0 0 0 0 0 0 0 1 0 1 1 0 1 1 1 0 0 1 0 0 0 1 0 1 0 1 1 1 1 1 0 3877.84
4023.52 2 3 3 4 1 2 1 1 1 1 3 3 1 2 0 1 0 0 1 0 0 0 1 1 1 1 0 0 0 0 0 0 1 0 0 1 1 0 1 1 0 1 0 1 0 1 1 0 1 0 1 1 0 0 0 1 1 1 1 0 1 1 1 1 1 1 1 1 1 0 1 1 0 0 0 1 1 0 0 0 0 1 0 0 1 1 0 0 0 1 0 1 1 0 1 0 0 1 0 1 0 0 1 0 0 1 1 0 1 0 1 1 1 1 0 1 0 1 0 1 0 1 1 1 0 0 0 0 0 1 1 1 1 0 0 0 0 0 1 1 0 1 1 0 0 0 0 1 0 0 1 1 0 0 1 0 0 1 0 0 1 1 0 1 1 0 0 0 0 1 1 1 1 1 1 1 1 1 1 1 0 1 1 1 0 1 1 1 0 0 1 1 1 0 1 0 1 1 0 0 0 0 1 1 1 0 0 0 0 0 0 0 1 1 1 1 0 1 0 1 0 2 1 3300.23
3483.80 1 2 1 2 4 3 3 1 2 3 1 3 3 3 1 1 1 0 1 0 0 1 0 1 1 0 1 1 0 1 1 0 1 1 1 0 0 1 1 0 1 1 1 0 1 1 0 0 0 0 1 0 0 0 0 0 1 0 1 0 0 0 1 1 0 0 1 1 1 0 1 1 1 1 1 0 0 1 0 0 0 1 0 1 1 0 1 1 1 1 1 1 1 0 0 0 1 1 0 0 1 0 1 0 1 1 0 0 0 0 1 1 1 1 0 1 0 0 1 0 1 0 0 1 0 0 1 1 0 1 1 0 0 1 0 0 1 1 1 1 1 1 1 1 0 0 0 1 0 0 0 0 1 0 0 0 1 0 1 0 1 1 1 1 1 1 1 0 0 0 1 1 1 0 0 0 0 0 1 1 1 1 1 1 0 1 0 1 0 1 1 0 1 1 0 0 1 1 0 1 1 0 1 1 0 0 0 0 0 0 0 1 0 0 1 0 1 0 1 0 1 1 1 2251.42
3056.03 4 2 3 1 3 3 3 1 2 2 2 2 3 3 1 0 1 1 0 0 0 0 0 0 0 1 0 1 1 1 0 1 0 1 0 0 0 0 0 0 0 1 0 0 0 0 0 0 0 1 0 0 1 1 1 1 0 1 0 1 0 1 0 0 0 1 0 0 0 0 1 0 1 0 1 0 0 1 0 1 1 1 0 0 0 1 1 0 0 0 0 1 1 1 1 1 1 1 0 1 1 0 1 1 1 1 0 0 1 1 1 1 1 0 0 1 0 0 0 1 1 0 0 1 0 1 1 0 1 0 0 0 0 0 0 1 1 1 0 1 1 1 1 0 1 1 1 1 1 0 1 0 0 1 0 1 1 0 1 1 1 0 1 1 0 1 1 1 0 1 0 0 1 1 0 1 1 1 1 0 0 0 0 0 1 1 0 0 1 1 0 1 0 1 0 0 1 0 0 0 0 1 1 0 1 1 1 1 0 1 1 0 1 0 1 1 0 1 1 0 0 2 1 3506.90
2734.89 4 2 2 2 3 1 2 4 2 2 2 3 3 2 1 1 1 1 1 1 1 1 0 1 1 0 0 1 1 0 0 0 1 1 1 1 0 1 1 1 0 1 1 0 1 0 0 0 1 0 0 1 1 0 1 1 0 0 0 0 0 1 1 1 1 1 0 1 1 1 0 0 1 1 1 1 0 0 1 1 1 0 0 1 0 1 1 1 1 0 0 0 1 0 0 0 0 0 1 0 0 0 1 0 1 1 0 1 0 0 0 0 0 1 1 0 0 1 1 0 1 0 1 1 0 1 1 1 0 0 1 1 0 1 0 0 0 0 0 1 0 0 0 1 0 1 0 1 0 1 1 1 0 1 1 0 1 1 1 1 1 1 0 1 1 1 0 0 1 1 1 1 0 0 1 1 0 0 1 0 1 1 0 1 1 0 1 1 0 0 1 0 0 0 0 1 1 0 1 0 1 0 1 0 1 0 1 0 0 0 1 1 1 1 1 1 0 0 1 1 0 1 0 3790.61
2850.84 2 4 2 2 3 3 4 1 2 3 3 2 2 1 1 0 0 1 1 1 1 1 1 0 0 1 0 1 0 1 0 1 0 0 1 1 0 1 1 0 1 1 0 0 1 1 0 0 1 1 1 0 0 0 1 0 1 0 0 1 1 0 0 0 1 0 0 1 1 1 1 1 0 1 0 0 1 0 1 1 0 0 0 1 1 1 0 1 0 0 0 0 0 1 1 0 1 1 0 0 1 1 1 1 0 0 1 0 1 1 1 0 1 1 0 0 1 0 1 1 1 0 0 0 1 1 0 1 0 1 0 0 1 1 0 1 1 0 0 0 1 0 1 1 0 1 1 0 1 1 0 1 1 1 0 1 0 0 0 1 1 0 0 0 1 0 1 0 0 0 0 1 0 0 1 1 0 1 0 1 1 1 0 0 1 0 0 1 0 0 1 1 0 1 1 1 0 0 1 0 1 1 0 1 0 1 1 1 1 0 1 0 0 1 1 1 0 1 0 1 1 2 1 3073.64
2658.90 4 4 1 1 4 4 2 3 4 2 2 3 4 1 0 1 1 1 0 0 1 1 1 1 0 1 0 1 0 1 0 0 1 0 1 0 1 0 0 1 0 1 0 0 1 0 0 0 0 1 1 1 0 1 1 1 1 1 1 1 0 0 1 0 1 0 0 0 1 1 1 1 0 0 1 1 1 0 0 0 0 1 0 1 1 0 1 1 1 0 1 1 0 0 1 0 1 0 0 1 0 0 1 1 0 1 1 1 0 1 1 1 0 0 1 0 0 1 1 0 0 0 0 0 1 1 1 1 0 1 1 1 1 1 0 0 0 1 1 0 0 0 1 0 0 0 0 0 1 1 0 0 1 0 0 1 1 1 0 0 0 0 0 1 0 1 0 1 0 0 0 1 1 0 1 1 1 0 0 0 1 0 0 1 1 1 0 1 0 0 1 0 1 0 0 0 1 1 0 1 0 0 0 1 1 0 1 1 0 0 0 0 1 0 1 1 1 1 1 1 1 2 0 3440.39
3345.04 4 3 2 3 2 2 2 2 3 3 2 1 3 2 1 0 1 1 1 0 0 0 1 1 0 1 0 1 0 0 0 1 0 1 1 0 1 0 0 1 0 1 0 1 0 1 1 0 1 1 0 1 1 0 1 0 1 0 0 0 1 1 0 1 1 1 1 1 1 1 1 0 0 0 0 0 1 1 1 1 0 1 1 0 0 0 1 0 1 0 1 1 1 1 0 1 1 0 1 1 1 1 1 1 0 1 1 1 0 0 0 1 0 0 1 0 0 0 1 1 1 1 1 1 0 0 0 1 1 0 0 1 1 1 0 0 0 1 0 1 0 0 0 0 1 1 0 1 1 1 1 0 0 1 0 0 0 1 1 1 1 1 1 0 0 0 0 0 1 0 1 1 1 0 0 1 0 1 0 0 0 1 1 1 0 0 1 1 1 0 0 1 0 0 1 0 1 0 1 1 1 1 1 1 1 1 0 0 0 1 0 1 0 0 0 0 1 1 1 0 0 1 0 2585.05
2782.06 2 2 2 2 2 2 3 2 3 4 3 3 4 2 1 0 0 1 0 0 1 0 0 0 0 0 0 0 0 0 0 0 1 1 1 1 0 0 1 1 0 1 0 0 0 1 1 0 0 0 1 1 1 1 0 0 0 1 0 0 0 1 1 1 0 0 1 0 0 1 1 0 1 0 1 0 0 1 1 0 1 1 0 1 0 0 1 1 1 0 1 0 0 0 1 1 0 0 1 0 1 0 0 0 0 0 0 1 1 0 1 0 0 0 0 1 0 0 0 0 0 0 0 0 1 0 1 1 0 0 1 1 1 1 1 1 1 0 0 1 0 1 0 1 0 1 1 1 1 0 1 1 1 0 1 1 0 0 1 0 0 1 0 0 1 1 1 0 0 0 0 0 1 1 0 1 1 0 0 1 1 0 0 0 0 1 0 0 1 0 1 0 0 1 1 0 0 1 0 0 0 1 1 1 0 0 0 1 0 1 1 1 1 0 0 1 0 0 0 0 0 2 1 2687.07
2253.44 3 2 3 2 4 2 2 2 3 1 1 1 3 2 1 0 0 0 1 1 1 0 0 1 1 0 0 1 0 1 0 1 1 1 0 0 0 0 1 1 1 0 1 1 1 1 0 0 1 1 1 1 0 1 0 1 1 1 0 1 0 0 1 0 1 1 0 1 0 1 1 1 1 0 0 0 1 1 1 0 1 1 0 0 1 0 1 1 0 0 1 0 0 1 0 0 0 1 1 1 1 1 1 1 1 1 0 0 1 0 0 1 1 1 1 1 0 1 1 1 0 0 1 1 0 1 0 0 0 0 0 0 0 0 1 1 1 0 0 0 1 0 0 0 1 0 0 0 0 1 1 0 1 0 0 0 1 0 1 0 0 1 0 1 0 0 0 1 1 0 0 1 0 1 0 1 0 0 1 0 1 0 0 1 1 1 0 0 0 0 1 1 0 1 1 1 1 0 1 0 0 1 0 1 1 0 0 1 0 1 0 1 1 0 1 0 0 0 0 0 1 2 1 3325.97
3424.58 3 1 4 3 2 1 1 3 4 3 2 4 1 2 1 0 1 1 0 1 1 0 1 1 1 1 0 1 0 0 0 0 1 0 0 0 0 1 1 1 0 0 1 1 1 1 1 1 0 0 1 1 1 0 1 1 0 1 0 0 1 1 1 0 0 0 0 0 1 1 0 1 0 0 0 0 1 0 0 0 0 1 1 1 0 1 1 0 0 1 0 0 1 0 0 1 1 1 1 0 0 0 1 0 1 1 1 1 1 0 1 1 1 1 0 0 1 1 1 0 1 1 0 0 1 0 1 1 1 1 1 1 1 0 0 1 0 0 1 0 1 0 0 0 0 0 1 0 0 0 1 1 0 1 1 0 0 0 0 0 0 1 0 0 1 0 1 0 1 1 0 1 0 0 0 1 0 1 0 0 0 1 0 1 0 0 1 0 1 1 0 0 0 0 0 1 0 1 0 0 0 1 0 1 1 0 1 0 1 1 0 1 1 0 1 0 1 1 1 0 1 2 0 2923.45
4059.29 2 3 3 1 3 4 2 3 3 2 4 2 3 3 0 0 1 1 1 0 0 1 1 0 0 0 0 0 0 1 0 0 0 0 1 1 0 0 0 0 1 0 1 1 1 1 1 0 1 0 1 1 0 0 0 1 0 1 0 1 0 0 0 1 0 1 0 1 0 0 0 1 0 1 0 1 1 1 1 1 1 1 0 1 1 0 0 1 0 1 1 0 1 0 1 1 0 1 1 0 0 1 1 1 0 1 1 1 0 0 0 1 1 1 1 1 1 1 1 1 0 1 1 1 1 0 0 1 1 1 0 1 1 1 1 0 1 0 0 0 0 1 0 1 1 1 1 1 0 0 0 1 1 0 0 1 0 0 1 1 0 0 1 1 0 1 1 1 1 1 0 0 1 0 0 1 0 0 0 1 1 0 1 1 0 0 0 0 0 1 0 1 1 0 0 0 0 1 0 1 1 1 0 0 0 0 0 1 1 1 0 0 0 1 0 0 0 1 1 1 0 1 1 3233.65
2870.25 3 2 4 4 2 3 3 2 1 3 1 2 4 2 1 1 0 0 0 0 1 0 1 1 1 1 1 1 0 1 0 0 1 1 1 0 1 1 1 1 0 1 0 0 0 1 0 1 1 1 1 1 0 0 0 0 1 0 0 1 0 0 0 0 0 1 0 1 0 0 1 0 1 0 1 1 0 0 0 0 1 1 1 0 0 1 0 1 1 0 1 0 1 0 0 0 0 1 0 1 0 0 1 1 1 1 0 0 0 0 0 1 0 0 1 0 1 0 0 0 1 0 1 1 0 0 0 1 1 0 0 0 1 1 1 0 0 0 0 1 0 0 0 0 1 1 1 1 1 0 1 1 1 1 1 0 1 0 0 0 1 1 1 0 1 0 1 0 0 1 1 1 1 0 0 0 1 0 1 1 0 1 0 0 0 1 0 0 1 0 0 1 0 1 1 1 0 1 1 1 1 0 1 1 1 0 1 0 0 0 0 0 1 1 1 1 1 0 0 0 0 1 0 3947.14
3496.68 2 4 2 2 2 3 1 1 4 3 2 1 1 4 0 0 0 1 1 1 0 1 0 0 0 0 1 1 0 1 1 1 1 1 1 0 0 0 1 1 0 0 1 1 1 1 1 1 0 1 0 0 0 0 0 1 0 0 0 0 1 0 1 0 1 1 1 0 0 1 1 0 0 1 1 0 0 0 1 0 0 1 0 1 1 0 1 1 1 0 0 0 0 0 1 0 1 0 0 1 0 1 0 0 0 1 1 0 0 1 0 0 1 1 1 0 0 0 0 1 0 0 1 0 1 1 0 0 0 1 1 0 1 0 0 1 1 1 0 1 0 0 0 1 1 1 1 1 0 0 0 0 1 0 1 1 1 1 1 0 1 0 1 1 0 1 1 1 0 1 0 1 1 1 1 1 0 1 0 0 0 0 1 1 1 1 1 0 1 1 1 0 1 0 1 0 0 0 0 0 1 1 0 1 1 1 0 1 1 0 0 1 1 0 0 1 0 0 0 1 1 1 1 4097.52
3190.96 2 4 3 4 2 3 2 3 1 3 2 3 2 4 1 1 0 0 0 0 1 0 1 0 0 1 0 1 0 0 0 1 0 0 1 0 0 0 1 1 0 0 1 1 0 0 1 0 0 0 0 0 0 0 0 0 1 1 0 0 0 1 0 1 0 0 1 0 0 0 1 1 1 0 1 1 0 1 0 1 1 1 1 0 1 0 0 1 0 0 1 0 0 1 1 0 0 1 1 1 0 0 0 0 0 1 1 1 0 1 1 0 1 0 1 1 1 1 1 1 1 1 1 0 0 0 1 0 0 1 1 0 0 0 0 1 1 1 1 1 0 0 0 1 0 1 1 1 0 0 1 1 0 0 0 1 1 0 0 1 0 1 0 0 0 1 0 0 1 1 0 0 0 0 1 1 1 1 1 0 0 0 1 1 1 0 1 0 1 0 0 1 0 0 0 0 0 0 0 0 1 0 1 0 1 1 0 1 1 1 1 0 0 0 1 1 1 1 1 0 1 2 1 3852.82
2146.57 1 3 2 2 2 4 3 3 2 2 4 3 1 3 1 1 1 1 1 0 1 0 0 1 1 0 0 1 0 1 0 1 0 1 1 1 1 1 1 0 0 0 0 1 1 1 1 1 0 1 1 1 0 0 0 1 1 0 1 1 0 0 1 1 0 1 1 0 1 1 0 0 1 1 0 1 1 1 0 1 0 0 1 1 0 1 0 1 1 0 1 1 1 0 0 0 1 0 0 0 1 1 0 1 0 0 1 0 0 1 0 1 0 0 0 1 1 0 1 0 1 0 1 1 0 0 0 1 1 0 1 1 1 1 0 0 0 0 0 0 1 0 1 1 1 1 0 1 1 1 0 0 1 0 0 0 1 0 1 1 0 1 1 0 1 0 0 0 1 1 0 0 0 1 0 0 1 0 0 0 1 1 1 1 0 0 1 0 1 0 1 0 1 1 1 0 0 1 1 0 1 0 0 1 0 0 0 0 1 0 1 0 1 1 1 1 1 0 1 1 0 3 1 2856.43
2679.13 2 3 4 2 2 2 4 3 3 1 3 3 2 4 0 1 1 0 1 0 1 1 1 0 0 0 0 1 1 1 0 0 1 0 1 1 0 0 1 1 0 1 0 0 1 1 1 1 0 0 0 0 1 1 0 1 0 1 0 1 1 1 0 0 1 0 0 0 0 0 1 1 1 0 0 0 0 1 1 1 1 1 1 0 1 1 1 1 1 1 0 1 0 0 0 1 1 1 1 0 1 1 0 1 1 0 0 0 1 1 1 1 0 1 1 0 0 1 0 1 0 0 1 1 0 1 1 0 1 1 0 0 1 0 1 1 1 1 0 1 0 1 1 1 1 1 0 1 0 0 1 1 1 0 0 1 1 1 0 0 0 1 1 0 0 1 1 0 1 1 0 1 1 1 1 0 0 1 0 1 1 1 1 0 0 1 0 1 1 1 0 1 1 0 1 0 1 1 1 1 1 0 0 0 1 1 1 0 1 0 1 1 1 0 1 1 0 1 0 1 0 1 0 3165.33
3800.38 3 3 2 2 1 2 2 1 4 1 3 2 3 3 0 0 1 0 0 1 1 0 1 0 0 0 0 0 0 0 1 0 0 0 1 1 0 1 0 0 1 0 1 1 1 1 0 0 0 0 1 1 1 0 1 1 1 1 1 0 1 0 0 0 0 0 1 0 0 0 0 1 1 1 0 1 1 1 0 0 1 1 0 0 1 0 0 0 1 1 0 1 1 1 0 0 1 0 1 1 0 0 1 0 0 0 1 1 0 1 1 0 1 1 1 0 1 0 0 0 0 0 0 0 1 0 0 0 0 0 0 0 0 1 0 0 1 1 0 1 0 1 0 0 1 1 0 0 1 1 0 0 0 1 0 0 0 1 1 1 0 0 1 1 0 0 0 0 0 0 1 1 0 1 0 1 0 1 0 0 1 0 1 0 1 1 1 0 0 1 0 0 1 0 0 1 1 1 1 0 0 1 1 0 1 1 0 0 0 0 0 0 0 1 1 0 0 0 1 0 0 2 0 2602.43
3527.70 1 3 2 2 3 1 3 4 3 4 2 2 2 3 1 0 1 0 0 0 1 1 0 0 1 0 1 1 1 1 0 1 1 1 1 0 0 0 0 1 0 0 1 0 1 0 1 0 1 1 1 1 0 1 0 0 1 0 0 0 1 1 1 0 1 0 1 1 1 0 1 1 0 1 0 1 1 1 0 1 1 0 1 1 1 1 0 0 1 1 1 1 1 1 0 0 1 1 0 0 1 1 1 0 1 1 1 1 1 1 1 1 1 1 0 0 0 1 1 1 0 0 0 0 1 0 1 1 0 0 0 1 0 0 1 1 1 0 0 0 0 1 1 0 1 0 1 1 1 1 0 0 1 1 0 0 0 0 0 1 1 0 0 0 1 0 1 0 0 1 0 1 0 0 0 0 1 1 0 1 0 1 0 1 1 1 0 0 0 1 1 0 1 0 1 0 1 1 1 1 0 0 1 0 0 1 0 0 0 1 0 1 0 0 0 0 0 1 1 1 0 1 1 2625.73
2595.06 1 4 4 2 1 1 4 2 3 2 4 3 2 2 0 1 0 1 1 1 0 0 0 0 0 0 1 0 0 1 0 1 0 0 1 1 0 0 0 1 1 1 1 0 1 0 1 1 1 1 0 1 0 0 1 1 0 1 0 0 1 0 0 1 1 0 0 1 1 1 0 1 1 0 0 1 0 1 0 0 0 1 1 1 0 1 1 1 1 0 1 1 0 0 1 1 1 0 0 0 1 1 0 0 1 1 1 1 0 0 0 0 1 0 1 1 1 1 1 1 0 0 0 0 1 1 1 0 1 0 0 0 1 1 0 0 1 0 0 1 1 0 1 0 0 0 1 1 1 1 1 1 0 0 1 1 0 0 0 1 1 1 0 0 1 1 1 0 0 1 0 1 0 0 0 0 0 1 0 0 1 0 1 0 1 1 0 0 0 1 1 1 1 0 0 0 0 1 0 1 1 1 1 0 1 1 0 0 0 1 0 0 0 0 1 0 1 1 1 0 1 3 0 4156.84
3629.89 2 1 4 4 1 3 3 3 3 4 3 2 2 4 1 1 0 0 0 1 1 0 1 0 0 0 1 0 0 1 0 0 0 0 0 0 0 0 1 0 1 1 0 1 1 1 0 1 1 0 1 1 0 1 1 1 1 1 1 1 1 1 1 0 0 0 0 0 0 1 1 0 0 1 0 0 0 0 1 0 0 1 0 1 1 1 0 0 0 1 1 1 0 1 0 0 0 1 1 1 0 0 0 0 1 0 0 1 0 0 1 1 1 1 0 0 0 0 1 1 0 1 1 1 1 0 1 0 0 0 0 0 0 1 1 1 1 1 0 1 1 1 1 0 0 0 1 1 1 1 1 0 0 0 0 0 1 0 1 0 0 1 0 0 1 0 0 1 1 1 1 1 0 0 0 1 0 1 0 0 1 0 1 0 1 0 1 1 0 1 1 0 1 0 1 0 1 1 0 0 0 1 0 0 0 1 0 1 1 0 0 0 0 0 1 0 0 1 1 1 1 2 1 3520.06
3908.77 1 2 3 2 2 4 3 3 1 1 1 2 4 1 1 0 1 0 0 1 0 0 1 0 1 0 1 0 0 0 1 0 1 1 1 1 0 1 1 0 1 1 0 0 1 1 0 1 1 1 1 1 0 0 0 0 1 0 0 0 1 1 1 1 0 0 1 1 0 0 0 0 1 1 1 1 1 1 1 1 1 1 1 0 1 1 1 1 1 1 0 1 1 0 1 1 1 1 1 1 1 0 1 1 1 0 0 0 1 1 1 1 1 0 1 0 1 1 0 1 0 1 1 0 0 0 0 1 0 1 0 0 0 1 1 0 0 1 1 1 0 0 1 0 1 0 0 1 1 0 0 1 1 1 1 0 0 1 1 1 1 0 1 1 1 0 1 1 0 0 0 1 0 0 0 0 0 1 1 1 0 0 1 0 0 1 1 0 0 0 1 0 1 1 1 0 1 0 1 1 0 0 0 1 0 0 1 0 0 0 0 0 1 1 1 0 1 1 0 0 1 1 0 3365.16
3683.39 2 2 3 3 4 4 3 4 3 4 3 3 4 2 1 0 0 1 1 1 1 1 1 1 1 0 1 0 0 1 0 0 1 1 1 0 1 1 1 1 0 0 1 1 1 0 1 1 1 0 1 1 0 1 1 1 0 1 1 1 1 1 1 0 0 0 0 0 0 0 1 0 1 0 1 1 1 0 1 0 1 0 1 1 0 1 0 1 1 0 1 1 0 0 1 1 1 1 1 1 0 1 1 1 1 0 1 0 1 1 1 0 0 1 1 0 0 0 1 1 1 1 0 0 1 0 1 1 1 1 0 1 0 0 1 1 1 1 1 0 0 0 1 0 1 0 0 1 1 0 0 1 0 0 1 1 0 1 0 1 1 1 1 1 0 0 0 1 0 1 0 0 1 1 1 1 0 0 1 1 1 0 0 0 1 1 1 0 0 0 1 1 0 1 0 1 1 0 1 1 1 0 0 1 0 0 1 0 0 0 0 0 1 0 1 0 0 1 1 1 0 1 0 2335.17
3875.17 3 2 4 3 2 1 4 2 2 4 4 2 3 1 0 1 1 1 0 1 1 0 0 1 1 1 0 1 0 0 0 0 0 1 0 0 1 1 1 0 0 0 0 0 0 0 0 0 1 1 1 1 0 1 0 1 0 0 0 1 1 0 0 1 0 0 1 1 0 0 1 0 1 1 0 1 0 1 1 0 1 0 1 0 1 0 0 1 1 1 1 0 0 0 1 1 1 0 1 1 1 1 0 1 0 0 1 1 1 0 0 0 0 0 1 0 1 0 1 0 1 0 1 1 0 1 0 1 0 0 1 1 1 0 0 0 0 1 1 0 1 0 0 0 0 1 0 0 1 0 0 0 1 0 1 0 1 1 0 0 0 0 1 1 0 0 0 0 1 0 0 1 1 1 1 0 1 1 1 1 1 0 0 1 0 1 1 0 1 0 1 0 1 0 1 0 0 0 1 1 0 1 0 0 0 1 0 0 0 0 1 1 1 1 1 1 1 0 0 0 0 2 1 2760.84
3254.52 4 2 4 3 4 2 2 1 2 2 1 2 2 2 0 0 0 0 1 1 1 1 0 1 1 0 0 0 1 1 0 1 1 0 0 1 0 0 0 1 0 1 1 1 0 1 0 0 1 1 0 0 1 1 0 0 0 1 1 0 0 1 1 1 1 1 1 1 1 1 1 1 0 0 0 1 1 0 0 0 1 1 1 1 0 1 0 1 0 0 0 0 1 0 1 1 1 0 1 1 0 0 1 1 1 0 1 0 0 1 1 0 1 1 1 0 1 0 0 0 0 0 1 1 0 1 1 1 1 1 1 1 1 0 1 1 1 0 1 0 1 0 0 0 1 1 1 1 1 1 0 0 0 0 0 0 0 0 0 0 0 0 1 0 1 0 0 0 1 0 1 1 0 0 1 1 0 1 0 0 1 1 0 1 0 0 1 0 1 0 1 0 0 1 1 0 1 0 0 1 1 0 0 1 1 0 0 0 0 1 1 1 0 1 1 0 0 0 1 0 0 2 0 2622.11
2307.01 3 3 2 1 1 2 1 1 2 3 3 3 3 2 1 1 0 1 0 1 0 1 0 0 0 0 0 1 0 1 0 0 0 1 1 1 1 1 1 1 0 0 0 1 1 0 0 1 1 0 0 0 0 1 1 1 0 1 1 1 1 0 0 1 1 1 0 0 0 0 1 0 1 0 0 1 0 1 1 0 0 0 1 1 1 0 0 0 0 0 0 0 1 1 0 0 0 1 0 0 0 1 0 0 0 0 0 1 0 1 1 0 1 1 0 0 0 0 0 1 1 0 1 0 0 0 1 1 1 1 0 1 1 1 0 0 1 0 1 0 1 0 0 0 1 0 1 0 1 1 0 1 0 0 0 1 1 1 0 1 1 0 1 1 1 1 0 1 0 0 0 0 0 0 0 1 0 0 1 1 1 0 1 1 1 0 0 0 1 1 1 1 1 1 0 1 1 0 0 1 1 1 0 1 1 1 0 1 1 1 1 1 1 0 0 0 0 0 0 1 1 2 1 2692.01
3213.77 3 4 1 3 2 4 2 3 2 4 1 1 2 2 0 1 1 1 1 0 0 0 0 1 0 0 0 1 1 0 1 0 0 1 1 0 0 0 1 0 1 1 0 0 1 1 1 1 1 1 0 0 1 0 1 0 1 0 1 0 1 1 0 1 0 0 1 1 1 1 1 0 1 0 0 0 1 1 1 1 1 1 1 1 1 0 0 1 0 0 1 0 0 0 1 1 1 0 0 0 0 1 0 1 1 0 1 1 1 0 1 1 1 0 0 1 0 1 0 1 0 1 0 0 0 1 0 1 1 0 1 0 0 1 0 1 0 1 1 0 1 1 0 1 1 1 1 0 0 1 1 1 1 0 1 0 1 0 0 0 1 0 0 0 1 1 1 1 0 1 0 1 0 1 0 1 1 1 0 1 0 0 0 0 0 1 1 0 1 1 1 1 0 1 0 0 1 0 1 0 1 1 0 1 0 1 0 0 1 1 0 1 1 1 1 0 1 1 0 1 1 1 1 3293.79
2961.31 1 1 4 3 2 1 4 4 4 4 2 3 1 2 0 0 1 0 0 0 0 1 0 0 0 1 1 0 0 1 1 0 0 1 0 0 1 0 1 0 1 1 0 1 0 1 1 0 0 1 0 0 0 1 1 1 0 1 0 1 1 0 1 1 0 0 1 1 0 1 1 0 1 0 0 1 0 0 0 1 1 1 1 0 0 1 0 0 0 1 1 0 1 1 1 1 0 0 0 0 1 1 0 1 0 0 0 0 0 0 1 0 1 1 1 0 1 0 1 0 1 0 0 0 0 0 1 0 0 0 0 0 1 1 1 0 1 1 0 0 0 0 0 0 0 1 0 0 0 0 1 1 0 0 1 0 1 0 1 1 1 0 0 0 0 0 1 0 1 1 1 0 0 0 1 1 1 0 0 0 1 1 0 0 0 0 0 1 1 0 0 1 1 1 1 0 0 1 1 0 1 0 1 1 1 0 1 0 1 1 1 1 1 1 0 1 1 0 1 0 1 2 1 4265.57
2535.85 3 1 2 3 1 3 4 4 4 2 2 2 3 3 1 1 0 1 0 0 1 1 0 0 0 1 0 0 1 0 0 0 1 0 0 1 1 0 0 0 0 1 1 0 0 0 1 1 1 1 1 0 1 0 1 0 1 1 0 0 0 0 0 1 0 1 1 0 1 1 1 1 0 0 1 0 0 1 0 1 0 0 0 0 0 0 0 0 1 1 0 1 0 0 1 1 0 0 1 1 1 0 1 1 0 1 0 1 1 1 1 0 0 1 0 0 1 0 0 1 1 0 1 1 0 0 1 1 0 0 0 1 1 0 0 0 0 0 1 0 0 1 0 1 0 0 0 0 1 1 0 0 0 0 1 1 0 1 1 0 0 1 1 1 0 1 0 1 0 0 1 1 0 1 0 0 0 1 1 1 0 0 1 1 0 1 1 1 0 1 0 0 0 1 0 0 1 1 1 1 1 1 0 1 1 0 0 0 0 0 0 1 1 0 0 0 0 0 0 0 1 2 0 3368.83
3419.14 2 3 3 3 2 3 1 2 2 2 1 2 4 3 0 0 1 0 0 0 1 1 0 0 0 1 0 1 0 1 0 0 1 1 1 0 0 0 0 0 0 0 1 1 1 1 1 0 1 0 1 1 1 0 1 0 1 1 0 0 1 0 0 1 0 1 1 1 1 1 0 1 0 1 0 1 1 0 1 0 1 0 1 1 0 1 0 0 1 0 1 1 0 1 1 0 0 1 0 0 1 0 1 0 1 1 0 0 0 0 0 1 1 1 1 0 0 0 1 0 0 0 1 1 1 1 1 0 0 1 0 0 1 0 0 0 0 0 0 0 0 1 0 1 1 0 0 1 1 0 1 0 0 1 0 1 1 0 0 0 0 0 1 0 1 0 0 1 1 1 0 1 0 0 0 1 1 1 0 0 1 1 0 1 1 0 0 1 1 1 0 0 1 1 1 0 1 0 0 1 0 1 0 1 1 0 0 1 1 0 1 0 0 1 0 1 1 0 1 0 0 3 0 4077.30
3190.81 3 4 1 2 2 4 2 3 1 3 1 2 2 3 1 1 1 1 0 1 1 0 0 0 0 0 1 0 1 0 1 1 0 1 1 0 1 0 0 0 1 0 0 1 0 1 1 1 1 1 1 1 0 0 1 0 1 1 0 1 0 1 1 0 1 0 1 0 1 0 0 1 1 1 0 0 1 1 1 0 1 0 0 0 1 1 0 0 1 1 0 0 0 1 0 0 0 0 1 1 1 0 1 1 1 0 1 0 1 0 0 0 0 0 0 0 1 0 0 0 1 0 1 1 0 1 0 0 1 0 0 1 1 0 1 1 1 0 0 0 0 1 1 1 1 1 1 0 1 1 0 0 0 0 1 1 1 0 1 1 1 1 1 0 0 0 1 0 1 0 0 1 1 0 1 1 0 1 0 1 1 0 1 0 0 1 0 0 0 0 0 1 0 0 1 0 0 0 0 1 0 0 0 0 0 1 0 0 0 1 0 1 1 1 0 1 0 0 0 0 0 1 0 3027.82
2169.81 2 1 3 1 2 2 2 3 1 2 1 2 2 1 1 1 0 0 0 0 0 1 1 0 0 0 0 1 0 1 1 0 0 0 1 1 1 0 1 1 0 0 1 1 1 0 1 1 1 0 0 1 1 0 0 0 0 1 0 1 0 1 0 1 1 1 0 1 1 1 0 1 1 0 1 1 0 0 0 1 0 1 1 1 0 1 1 1 1 0 0 0 0 1 1 0 1 1 1 0 1 0 0 1 0 1 0 0 1 0 0 0 0 1 1 1 0 1 1 1 1 0 0 1 0 1 0 1 0 1 0 0 1 1 1 0 1 1 0 0 1 1 1 0 1 1 0 0 1 1 0 0 0 1 0 1 1 1 0 0 0 0 0 0 1 0 0 1 1 0 0 1 0 0 0 0 0 1 1 0 1 0 0 0 1 0 1 0 1 1 0 0 1 1 1 0 0 0 1 1 1 0 1 1 1 0 1 1 0 0 1 0 0 0 1 1 1 0 0 1 0 3 0 4025.62
4096.68 1 1 2 3 3 1 1 3 2 4 3 2 1 4 0 1 1 1 0 1 1 0 0 1 0 1 1 1 0 0 1 0 1 0 0 1 0 1 1 1 1 1 0 0 1 1 0 1 0 0 0 1 1 0 0 0 0 1 0 1 0 0 1 1 1 1 0 1 1 0 1 1 1 0 1 0 1 1 1 0 0 0 0 1 0 0 1 0 0 0 0 0 1 0 0 1 1 0 1 1 0 1 1 0 0 1 0 1 0 1 0 1 1 1 1 1 1 1 0 0 1 0 1 0 1 1 0 1 1 1 1 0 1 0 0 0 0 0 1 1 1 0 1 1 1 1 1 0 0 1 1 1 1 0 0 0 0 1 1 1 1 1 0 0 1 1 0 1 0 1 1 0 1 0 1 1 1 0 0 1 0 1 0 1 0 0 1 1 1 0 0 0 0 1 0 0 0 1 1 0 1 1 1 1 1 1 1 0 0 0 1 0 1 0 0 0 0 0 0 1 1 2 1 3621.56
3924.70 1 2 3 1 1 2 3 2 3 1 2 2 2 2 0 1 0 1 1 1 0 0 0 0 0 0 0 1 0 1 0 1 1 1 0 0 0 0 0 1 1 0 0 0 0 0 0 1 0 0 0 1 0 1 1 1 0 1 1 0 1 1 1 1 1 1 1 1 0 1 1 0 0 1 0 0 0 1 0 0 1 1 0 1 0 1 0 0 1 1 1 0 0 0 0 1 0 0 0 0 1 1 0 0 0 0 1 1 0 0 0 1 1 1 0 1 1 0 0 0 0 0 0 1 1 0 1 0 1 0 0 0 0 0 0 1 0 1 1 1 1 1 0 1 1 1 1 0 1 1 0 0 0 0 1 0 1 1 1 1 1 1 0 0 1 0 1 0 0 0 0 0 0 0 1 0 0 0 1 0 0 0 1 1 1 1 1 1 0 1 0 0 1 0 0 0 0 1 1 1 0 1 0 1 1 0 0 0 0 0 0 1 0 0 1 0 0 1 1 1 1 1 0 3958.81
3841.23 3 3 1 2 3 3 3 3 1 1 3 1 2 4 0 1 0 0 0 1 1 0 1 1 0 1 1 0 0 1 1 0 1 0 1 0 1 0 1 1 0 0 1 0 0 0 0 1 0 0 1 0 1 0 1 1 0 1 0 0 1 1 0 0 0 0 0 0 0 1 1 0 1 1 1 0 0 1 0 1 1 0 1 1 0 0 1 1 1 1 1 0 0 0 1 0 1 1 1 1 0 1 0 0 1 0 1 0 1 0 0 1 0 0 1 1 1 0 0 0 1 1 1 0 0 0 1 0 0 0 0 0 1 0 1 0 1 0 0 1 1 0 1 0 0 0 1 1 1 1 1 0 1 1 0 1 0 0 0 0 0 0 1 0 0 0 1 0 1 0 0 0 1 1 0 1 1 1 1 0 0 1 1 0 0 0 0 0 0 1 1 1 1 1 0 1 0 1 0 0 1 0 0 0 0 0 1 0 0 0 0 1 1 1 1 1 1 0 1 1 0 1 1 3981.09
3198.95 2 4 3 2 3 2 3 4 4 2 2 3 2 2 1 0 1 0 0 0 0 0 1 1 0 0 1 0 0 1 0 1 0 0 1 0 1 0 0 1 0 0 0 0 0 1 0 1 0 1 1 1 0 0 0 0 0 0 1 1 1 1 0 1 0 0 0 1 1 0 1 0 1 1 1 1 0 0 0 0 1 1 1 1 1 1 0 1 1 1 1 0 0 1 1 1 0 1 1 0 1 1 1 1 0 1 0 1 1 1 1 1 1 0 0 1 0 1 1 1 0 0 0 0 0 0 1 1 0 0 0 1 1 1 1 1 1 1 0 0 1 1 0 0 1 1 0 1 1 0 1 1 1 0 1 1 1 1 1 0 0 1 0 1 1 0 1 0 1 0 1 1 0 0 1 1 0 0 0 0 0 1 1 0 0 1 0 1 0 0 1 1 0 0 0 1 1 1 1 1 0 1 0 0 1 1 0 1 0 1 1 0 0 1 1 0 0 0 1 1 0 2 1 2903.93
3164.46 2 3 2 2 2 2 3 3 2 3 3 2 3 3 1 1 0 0 0 1 0 1 1 0 1 0 1 1 0 1 0 0 1 0 1 0 0 1 1 0 0 1 1 1 1 0 0 1 1 0 1 1 0 0 1 1 0 1 0 1 0 1 1 1 1 0 0 0 0 1 0 1 1 1 0 1 1 1 0 1 1 1 1 1 0 0 1 0 0 0 0 0 1 1 0 1 0 0 1 0 0 1 0 1 1 1 1 0 0 0 1 1 0 1 0 0 1 0 1 0 1 0 1 1 0 1 0 1 0 1 0 1 0 0 0 1 1 1 1 0 0 1 0 0 1 0 1 1 1 0 1 0 0 1 0 1 1 0 0 0 0 1 0 1 1 0 1 0 1 0 0 0 0 1 1 0 1 0 1 1 0 0 1 0 1 1 0 0 0 1 0 0 0 0 0 0 0 0 1 0 1 0 1 1 1 0 0 0 1 0 0 1 0 1 1 0 1 0 0 1 0 2 0 3178.09
3921.80 4 4 1 2 3 3 2 3 3 3 1 3 4 3 0 0 1 1 1 0 1 0 1 0 1 0 1 0 0 1 0 0 0 0 0 0 0 0 1 0 1 1 0 1 0 0 0 1 0 0 0 1 0 1 0 1 0 1 1 1 0 0 1 0 0 1 1 1 1 0 0 0 1 0 0 0 0 1 0 1 0 1 0 1 0 0 0 1 0 1 1 1 0 0 1 0 0 0 0 1 0 0 1 0 1 1 1 1 1 0 0 0 0 0 1 1 0 0 1 1 0 1 1 1 1 0 1 0 1 1 1 1 0 1 1 1 1 1 1 0 0 1 0 1 1 1 1 1 1 0 1 0 0 0 0 0 1 1 1 1 1 1 0 0 1 1 0 1 1 1 0 1 1 0 1 0 0 0 0 0 1 0 0 0 1 0 0 0 0 0 0 1 1 0 0 0 1 1 1 0 1 0 1 1 0 0 0 0 0 1 1 1 0 0 1 0 0 0 1 1 0 2 1 2905.79
2282.04 3 2 2 1 3 2 4 2 2 4 4 2 3 4 0 1 0 0 0 1 0 0 1 1 1 1 0 0 0 0 1 1 1 0 0 1 0 0 0 1 0 0 1 0 0 1 1 0 0 0 0 0 1 0 1 1 1 0 0 0 1 0 1 1 0 0 0 1 0 0 1 0 0 1 0 1 0 1 1 1 1 1 1 1 1 0 1 1 0 1 1 1 1 0 0 0 1 1 0 1 1 0 1 1 0 1 1 1 1 0 1 1 0 0 1 1 1 0 1 0 0 0 1 1 1 1 1 0 1 1 0 1 1 0 0 1 1 0 1 0 0 1 1 0 0 1 1 0 0 1 0 1 1 0 0 0 1 0 0 1 1 1 0 1 1 0 0 1 0 1 1 0 0 0 1 1 0 0 0 0 0 0 1 1 1 1 1 0 0 1 1 1 1 1 1 0 0 0 0 0 0 1 1 1 1 1 0 0 0 0 0 1 0 0 1 0 1 1 0 1 1 2 0 3186.60
3405.73 2 3 4 3 2 3 3 4 2 3 2 3 2 3 1 1 0 1 1 1 0 1 1 0 0 1 1 1 0 0 0 0 0 0 0 1 0 0 1 0 1 1 0 1 1 0 1 0 0 1 0 1 0 0 0 1 1 0 0 0 0 1 1 0 1 1 0 0 1 0 0 1 1 0 1 1 1 0 1 1 0 0 0 1 1 0 0 0 1 1 1 1 1 0 1 0 1 0 0 1 0 0 0 0 1 1 1 0 0 1 0 0 1 1 1 0 1 1 1 1 1 0 1 0 1 1 1 1 1 1 1 1 0 0 1 1 1 1 0 1 1 0 0 0 1 0 0 0 1 1 0 0 0 1 0 1 0 1 1 1 1 1 0 1 1 0 0 0 1 1 1 1 1 0 1 1 0 0 1 0 0 1 0 0 0 0 1 0 0 0 0 0 0 1 1 0 0 1 1 0 0 1 0 1 1 1 0 1 0 1 0 0 0 0 0 0 1 1 1 1 0 1 1 3031.74
3521.57 2 1 1 3 2 2 4 3 1 2 1 1 3 2 0 0 1 0 0 0 0 1 0 1 1 1 1 1 1 0 1 1 0 1 0 0 0 0 0 1 1 1 1 1 1 1 1 0 1 0 1 0 1 1 0 0 1 0 0 0 1 1 0 1 0 0 1 1 1 1 0 0 0 0 0 0 0 0 1 0 0 1 0 0 1 1 1 0 0 0 0 0 1 0 0 0 1 0 1 0 1 1 0 0 1 0 1 1 1 0 1 1 1 1 1 0 0 1 1 0 0 0 1 1 0 1 1 0 0 0 1 1 1 1 0 0 1 1 1 0 0 1 0 0 0 0 1 0 0 0 0 0 1 0 1 1 1 1 1 0 1 1 0 1 0 0 1 0 1 0 0 1 0 1 1 0 1 1 1 0 1 1 1 1 0 0 0 1 1 0 0 0 0 1 0 1 0 1 0 0 0 1 1 0 0 0 0 0 1 0 0 1 1 0 0 1 1 0 1 1 0 2 0 3493.69
2176.42 4 2 2 2 2 3 3 2 2 2 3 3 3 4 0 1 0 0 0 1 1 1 1 1 0 0 1 0 1 0 0 0 1 1 0 1 1 1 1 1 0 0 0 0 1 1 0 1 0 0 0 0 0 0 1 1 0 1 0 0 1 1 0 0 0 1 0 1 0 1 1 0 0 1 1 0 0 0 1 1 1 1 1 1 0 1 1 0 0 0 1 0 0 0 0 1 0 0 1 0 1 1 0 1 0 1 0 0 1 0 1 1 1 1 1 0 0 1 1 1 0 0 1 1 0 0 1 1 0 0 1 0 1 1 1 0 1 0 1 1 1 0 0 0 1 0 0 1 1 1 1 1 0 1 1 0 1 1 0 0 1 0 1 1 1 1 1 0 1 1 0 0 1 1 1 0 0 1 1 0 1 1 1 1 1 0 1 1 1 0 1 0 1 0 1 0 0 0 0 1 1 1 1 0 0 0 1 1 0 0 1 1 0 0 1 0 0 0 1 1 1 1 1 2907.40
3251.15 3 1 3 2 3 2 3 3 3 2 2 1 1 3 0 0 0 1 1 1 1 0 1 1 0 0 1 0 0 0 0 1 0 0 1 0 0 1 1 0 1 1 1 1 1 1 1 1 1 0 1 0 0 1 1 1 1 1 0 1 0 1 1 1 1 0 0 0 1 0 0 0 0 1 0 1 0 1 1 0 0 0 0 1 0 0 0 0 1 0 0 1 0 0 0 0 1 0 1 0 0 1 0 0 0 0 1 0 0 1 1 1 1 1 0 1 0 1 0 0 1 1 0 0 0 0 0 0 1 0 1 1 0 1 0 0 0 1 0 0 0 1 0 0 0 0 1 0 1 1 1 0 1 1 1 0 0 0 1 0 0 0 0 1 1 0 1 0 1 1 1 1 0 0 1 0 0 1 0 0 0 1 0 1 0 0 1 0 1 1 1 0 1 1 0 1 1 1 1 1 1 1 1 1 0 1 1 0 0 0 1 1 0 1 0 0 1 1 1 1 0 1 0 4254.57
2847.82 2 1 2 4 1 2 2 2 2 4 3 4 3 2 0 1 1 1 0 1 1 0 0 0 0 1 0 0 0 1 1 0 1 1 0 0 1 0 1 1 1 0 1 1 1 1 0 1 0 1 1 0 1 1 1 0 1 0 0 1 0 0 0 1 0 0 1 1 1 0 1 1 1 0 1 0 0 0 0 1 1 1 0 0 0 1 0 1 0 0 0 0 0 0 0 1 0 0 0 1 0 1 1 1 1 1 0 0 0 1 0 1 1 1 0 1 1 0 1 1 1 0 1 0 1 0 0 0 1 0 1 1 0 0 1 0 1 1 1 1 1 0 1 1 1 1 0 0 1 1 1 0 1 1 0 0 1 0 1 1 0 1 0 0 1 0 1 0 0 1 1 1 0 0 0 1 0 1 0 0 1 1 0 0 1 1 1 1 1 1 1 1 0 1 0 1 1 1 0 0 0 0 0 1 1 0 1 1 1 0 1 1 0 0 0 1 0 1 0 1 0 3 0 2435.44
3125.58 3 2 2 2 4 4 3 2 2 3 4 4 2 2 1 1 0 0 1 1 1 1 1 0 0 1 0 1 1 0 0 1 0 0 0 0 0 0 1 1 0 0 1 0 1 1 1 1 1 1 0 1 1 0 0 0 0 1 1 0 0 0 0 1 0 0 0 0 0 1 0 0 1 0 0 0 0 1 0 0 1 0 1 1 1 1 1 1 0 1 1 1 0 0 1 0 0 1 1 0 0 0 1 0 1 1 0 1 0 1 0 1 0 0 0 0 0 0 1 0 1 1 1 0 1 1 0 0 1 1 0 1 0 1 0 1 1 0 1 1 0 0 1 0 1 0 1 1 1 0 0 1 0 0 1 0 0 1 0 0 0 1 0 1 0 0 0 1 0 1 0 0 0 1 0 0 0 1 0 0 1 1 0 0 0 0 0 0 1 1 0 0 0 1 0 1 1 1 0 1 1 1 1 1 0 1 0 0 1 1 1 0 1 1 1 0 0 0 1 0 0 2 1 4103.26
3488.63 4 4 1 3 2 3 4 4 2 4 3 3 3 2 1 1 1 0 1 0 0 1 1 0 1 1 0 1 0 0 1 1 0 0 0 0 0 0 0 0 1 0 0 0 1 1 1 0 0 0 1 0 0 1 0 1 1 1 1 1 1 0 1 1 1 1 1 0 0 1 0 1 1 1 1 1 0 1 1 0 0 1 1 1 0 1 1 0 0 0 1 1 0 0 1 0 1 1 1 1 0 0 0 1 0 0 1 0 0 1 1 0 0 1 0 0 0 1 0 0 1 1 1 0 0 1 1 0 1 0 1 0 1 0 0 0 0 1 0 1 0 0 0 0 1 1 1 1 0 1 0 0 0 0 1 1 0 0 1 0 1 1 0 1 1 0 0 0 0 1 1 1 0 0 1 1 1 1 1 1 0 1 0 1 1 1 1 0 0 0 0 1 1 1 1 1 1 0 0 1 1 1 0 0 0 1 0 0 0 0 0 1 0 1 0 1 1 1 1 0 0 3 0 2860.15
2381.06 2 2 3 2 4 1 2 1 2 2 2 3 3 1 1 1 0 1 1 0 1 1 0 0 0 0 1 1 1 0 1 1 0 1 1 0 1 1 1 0 0 0 0 1 0 1 1 1 0 1 1 1 1 1 1 0 1 1 1 0 0 1 1 0 0 1 1 1 0 1 0 0 1 1 1 0 1 1 1 0 0 0 0 1 1 1 0 0 1 0 0 0 1 0 0 1 0 0 1 1 1 0 1 1 0 1 0 0 1 1 1 1 1 0 0 1 0 1 1 0 1 0 1 1 0 1 0 1 0 0 1 0 1 0 1 0 1 1 1 0 0 1 1 0 0 0 1 0 1 0 1 1 1 1 1 0 0 0 0 0 1 1 1 0 1 0 0 1 0 1 0 0 1 0 0 1 1 0 0 1 0 1 1 0 1 1 1 0 0 0 0 1 0 0 1 1 0 0 0 0 0 0 1 1 0 1 1 1 1 0 0 0 0 0 0 0 1 0 1 1 1 2 0 3829.82
3230.51 2 2 3 2 3 1 3 2 3 3 2 2 3 1 1 1 1 0 1 0 0 1 1 0 0 1 0 0 0 1 1 0 0 1 0 0 0 1 1 1 0 0 1 1 0 0 1 0 1 1 1 1 1 1 0 0 1 0 1 1 1 1 1 1 0 1 1 1 0 0 0 1 0 1 0 0 0 1 1 1 0 0 0 0 0 0 0 0 0 1 0 1 0 1 0 0 1 1 1 0 0 0 0 1 0 0 0 1 0 1 0 1 1 1 1 1 1 1 0 0 1 0 0 1 0 1 0 1 1 1 1 1 0 0 1 0 0 1 0 1 0 1 1 1 1 0 1 0 0 1 0 1 1 1 0 0 0 0 0 1 0 0 1 1 0 1 0 1 0 0 1 1 0 0 0 1 1 1 0 1 1 1 0 1 0 0 1 1 0 0 0 0 1 1 1 1 0 0 1 0 0 1 0 1 1 0 0 1 0 1 0 1 0 1 0 0 1 1 0 1 0 3 1 3285.45
2292.71 4 3 3 1 2 3 3 3 3 4 2 3 1 2 1 0 1 1 0 1 0 0 1 0 1 1 0 1 1 1 0 1 1 1 1 1 1 1 1 1 1 0 0 1 1 1 0 0 1 0 0 1 1 1 0 0 0 0 0 0 0 1 0 1 1 0 1 0 0 0 0 0 0 1 0 1 1 1 1 1 0 0 0 1 0 0 0 1 1 1 1 1 0 0 1 0 0 0 1 0 0 1 1 0 0 1 1 0 0 1 1 0 1 1 0 0 0 1 1 0 0 1 0 0 0 0 0 1 0 0 1 0 0 0 1 1 0 1 1 1 0 0 1 1 0 1 1 0 0 0 1 1 1 1 1 1 0 1 1 0 0 0 1 0 1 0 1 0 1 1 1 0 1 0 0 0 0 0 1 0 0 1 0 0 1 1 1 1 0 0 0 0 0 1 1 0 1 1 0 1 0 0 0 0 1 1 1 0 1 1 0 1 0 0 0 0 0 1 1 1 0 2 0 3612.35
3824.30 1 1 3 1 4 2 1 3 2 1 3 2 3 2 1 0 1 1 1 1 0 1 1 1 0 1 0 1 0 0 1 1 1 0 1 0 0 0 1 0 1 1 0 0 1 0 1 0 0 0 1 0 1 0 1 0 0 0 1 1 1 0 0 0 1 0 0 1 0 1 1 0 0 1 0 0 1 0 0 1 1 0 1 1 1 1 1 1 1 0 0 0 0 1 0 1 0 1 1 1 0 1 1 0 1 0 1 1 0 1 0 1 1 0 1 0 0 0 0 1 1 0 1 1 0 1 1 1 0 1 1 0 0 1 1 1 0 1 1 1 1 0 0 0 1 1 0 1 1 1 0 0 1 1 1 1 1 0 0 1 0 1 0 0 0 0 0 1 0 0 1 0 1 1 0 1 0 1 1 0 0 0 1 0 1 1 0 0 1 0 0 1 0 1 1 1 0 1 1 0 1 1 1 0 1 1 1 1 0 1 1 1 0 1 1 0 1 1 0 1 1 2 1 3098.66
3412.40 3 3 4 2 4 3 2 3 3 1 3 3 2 1 1 0 1 0 0 1 1 0 0 1 0 0 1 0 0 0 0 0 0 0 1 1 0 0 1 1 0 1 0 1 0 0 0 0 1 1 1 0 0 0 0 1 1 1 1 1 1 0 0 0 1 0 1 0 1 1 1 1 1 1 1 1 0 1 0 1 0 0 1 0 1 1 1 1 1 1 1 0 0 1 0 1 0 1 1 1 0 0 1 0 0 0 1 1 0 1 1 0 0 1 0 0 0 0 1 0 1 0 1 0 1 0 0 0 1 1 1 1 0 1 0 1 0 1 0 1 0 1 0 1 0 1 0 1 0 0 0 0 1 1 1 0 0 0 1 1 0 1 0 1 1 0 0 1 1 1 0 0 0 0 1 1 1 0 0 1 0 0 0 1 1 1 0 0 1 0 0 0 1 0 1 1 0 1 1 1 1 1 0 1 1 0 0 1 1 1 0 1 0 1 1 1 0 1 1 0 0 3 1 3674.21
4113.49 4 2 3 4 4 1 1 1 2 1 2 4 4 2 1 1 0 1 1 1 0 1 1 1 0 1 1 1 1 1 1 1 0 1 0 1 1 1 0 0 0 1 0 0 1 0 1 0 0 1 1 1 1 1 1 1 0 0 1 0 1 1 0 1 0 0 1 0 1 1 1 1 1 1 0 0 0 0 1 0 1 1 1 0 1 1 1 0 0 1 1 0 0 0 1 0 0 1 0 1 0 1 1 1 0 0 0 0 1 0 1 1 0 0 0 1 0 0 1 0 0 0 1 0 0 1 1 1 1 1 1 0 0 0 0 1 1 0 1 1 0 1 0 0 1 0 1 1 1 0 0 0 1 1 1 1 0 1 0 1 1 0 1 1 1 1 0 0 1 0 1 1 1 0 0 1 1 1 0 1 0 0 0 0 1 1 1 0 0 0 1 1 1 1 0 1 0 0 0 1 0 0 0 1 1 1 0 0 0 0 1 0 0 0 1 0 0 0 1 1 0 2 1 3646.65
3045.94 3 4 3 2 4 3 2 3 3 1 4 3 2 2 1 1 0 1 1 1 1 1 0 1 1 1 0 1 0 0 0 1 1 0 1 1 1 1 1 0 0 0 1 1 1 1 0 1 0 0 0 0 1 0 1 1 0 0 1 1 0 1 1 1 0 0 1 1 1 1 0 0 1 1 0 1 0 1 0 0 0 1 0 1 1 0 1 1 1 1 0 1 1 0 0 0 0 1 0 0 0 0 0 0 0 0 1 1 0 0 0 1 1 1 1 1 1 0 1 1 1 0 1 1 1 0 0 1 1 0 1 1 0 0 1 1 0 1 0 1 0 1 0 1 0 0 1 0 0 1 1 0 1 0 1 1 0 1 1 1 0 1 0 1 0 0 0 1 1 0 0 0 1 0 1 0 0 0 0 1 0 1 1 1 0 0 1 0 1 1 1 0 0 1 1 0 1 1 0 0 0 1 0 0 0 1 0 1 0 0 1 0 0 0 0 1 0 0 0 1 0 1 0 2837.85
2599.15 2 3 1 2 2 4 3 2 4 4 2 3 2 3 1 0 0 0 1 0 1 0 0 1 1 1 1 1 0 1 0 1 1 0 0 1 0 1 0 0 1 1 1 1 1 1 0 0 1 0 1 0 1 1 0 0 0 1 1 0 1 1 0 1 1 1 0 1 0 0 0 1 1 0 0 0 0 1 1 1 0 1 1 1 0 0 1 1 0 1 1 1 1 1 0 0 1 1 1 1 1 0 1 1 1 1 1 1 1 1 1 0 1 0 0 1 1 1 0 0 0 1 1 0 0 1 1 0 1 0 0 1 0 1 1 0 0 0 1 0 0 0 0 1 0 1 1 1 1 1 0 0 1 0 0 1 1 1 1 1 0 0 0 1 0 0 1 1 1 1 0 0 1 1 0 1 1 0 0 1 0 0 0 0 1 0 0 0 1 1 1 1 1 1 0 0 1 1 0 1 0 0 0 0 0 1 1 0 0 0 1 1 0 0 1 0 1 0 1 1 0 3 1 2729.93
4216.36 3 4 2 2 4 4 4 3 1 3 1 4 3 2 1 0 1 1 0 1 1 1 1 1 0 1 0 1 0 1 0 0 0 1 1 1 1 1 0 1 0 0 1 1 1 0 1 1 1 1 1 0 1 1 1 1 0 0 1 0 0 1 0 1 1 0 1 0 0 1 0 0 1 1 1 1 1 1 1 0 0 0 1 0 1 1 1 1 1 1 1 1 1 0 0 1 1 0 1 0 1 0 0 0 0 0 1 1 1 0 0 0 1 0 1 0 0 0 1 1 0 0 1 1 0 0 0 1 1 0 0 0 0 0 1 1 1 1 1 0 1 0 0 0 1 0 0 1 1 1 1 0 1 0 1 0 0 0 1 0 1 0 0 0 0 0 1 1 1 0 1 0 1 1 0 1 0 1 1 0 1 0 0 0 1 1 1 0 0 0 1 0 0 1 0 1 0 1 0 0 1 1 0 0 0 0 1 1 0 0 0 1 1 1 0 1 1 0 0 0 0 1 1 3470.61
3384.97 2 4 1 1 2 4 2 3 2 2 3 3 1 2 1 1 0 1 1 0 0 1 1 0 1 0 1 1 1 0 1 0 1 1 1 0 0 0 1 1 1 0 0 1 1 1 1 1 1 0 1 1 1 0 1 0 0 1 1 1 1 1 1 0 1 0 0 0 0 0 0 1 0 0 1 1 0 1 1 1 0 1 1 0 0 1 1 1 1 1 1 0 0 1 0 1 0 1 0 0 1 0 0 0 0 1 0 0 1 0 0 1 0 1 1 1 1 0 0 1 1 0 0 1 1 1 1 1 0 1 0 0 1 0 0 1 1 0 1 0 0 1 1 0 1 1 1 0 1 0 0 1 1 0 0 1 0 0 0 0 0 0 1 0 0 1 0 0 1 1 1 1 1 0 1 0 1 1 1 1 1 1 1 0 0 1 1 0 0 1 1 1 1 1 0 0 1 1 1 0 0 0 0 1 0 1 1 0 1 1 1 1 1 0 1 1 0 1 1 0 0 3 1 2822.49
3352.47 4 1 1 1 4 2 2 2 2 3 3 4 1 1 1 0 1 0 0 1 1 0 1 1 1 1 1 1 1 0 0 1 1 1 1 0 1 0 1 1 0 1 1 0 0 0 1 1 0 0 0 1 0 0 0 0 1 0 1 0 1 0 0 0 1 1 1 0 1 0 1 1 1 1 0 0 0 0 1 0 1 1 1 1 0 1 0 0 1 0 0 0 0 1 0 0 1 1 1 1 0 0 0 0 0 0 0 0 1 1 1 0 1 0 1 1 0 0 0 1 1 0 1 1 1 0 1 0 0 1 0 1 1 0 1 0 1 1 1 1 1 0 0 1 1 1 1 1 0 0 0 1 0 1 1 0 1 0 0 0 1 0 1 1 1 0 1 1 1 1 1 1 1 1 0 1 1 1 0 0 1 1 1 1 1 1 0 0 0 0 0 0 0 1 1 1 1 1 1 1 0 1 0 0 1 0 1 0 0 0 1 1 0 1 1 0 0 1 1 0 0 3 1 3600.30
4144.71 2 3 4 3 2 3 4 2 1 3 2 4 2 2 1 0 1 1 0 0 1 0 0 1 0 0 0 1 0 0 1 0 0 0 1 0 0 0 1 1 0 1 0 1 0 1 1 1 0 1 0 0 0 1 1 1 1 1 0 1 0 0 0 1 0 1 1 0 0 0 0 1 0 0 1 1 0 1 0 1 1 1 0 0 0 1 0 0 1 0 1 0 0 1 1 0 0 1 0 0 0 0 1 0 0 0 0 1 0 0 1 1 1 0 1 0 0 0 0 1 0 1 1 0 0 1 0 1 0 1 1 0 1 1 1 0 1 1 0 0 0 0 0 0 1 0 0 0 0 1 0 1 1 0 0 0 1 1 1 0 1 0 1 0 0 0 0 0 1 1 0 1 1 1 1 1 1 0 0 0 0 1 1 1 1 0 0 1 0 0 0 1 1 1 1 1 0 0 0 1 1 0 1 0 1 1 1 0 1 1 0 0 0 0 0 1 0 0 1 1 0 2 1 2286.29
2513.92 3 1 2 1 2 4 3 3 2 3 3 2 4 2 0 1 0 0 0 1 1 1 1 1 0 1 0 1 1 1 1 1 1 1 1 1 1 0 0 1 0 0 0 0 0 1 0 1 0 0 0 1 1 0 1 0 0 0 0 0 0 0 0 1 1 1 0 0 0 0 0 1 1 1 1 0 0 0 0 1 1 0 1 1 1 0 1 0 1 1 1 1 1 1 0 0 0 0 1 0 1 1 1 0 1 1 1 0 0 0 0 0 1 0 1 1 1 1 0 0 1 0 0 0 1 1 0 0 1 1 0 1 1 0 0 0 1 1 0 0 0 0 1 1 0 1 0 1 1 1 0 0 1 0 0 0 0 1 0 0 1 0 0 0 1 1 1 1 1 1 1 0 0 0 0 1 0 0 1 0 1 0 0 1 0 1 1 1 0 1 1 1 0 0 0 1 0 0 0 0 1 1 1 1 0 1 0 1 1 0 0 0 0 1 0 1 0 0 0 0 1 2 1 3839.38
3898.23 4 2 3 3 3 3 3 3 2 4 2 2 3 3 1 1 0 0 1 0 0 0 1 0 0 0 0 1 1 0 1 0 1 0 0 1 0 0 1 0 0 0 1 1 0 0 0 1 1 1 0 1 1 0 1 1 0 1 1 1 1 1 0 1 1 0 1 1 1 0 0 1 0 1 0 1 0 1 0 0 1 1 0 0 0 1 1 1 1 0 1 1 1 1 1 1 1 1 1 0 0 1 0 1 0 1 0 1 1 0 0 1 1 1 0 0 0 0 0 1 0 0 1 0 0 1 0 1 1 0 1 1 1 0 0 1 0 1 1 0 1 1 1 0 1 1 1 1 1 0 0 1 1 1 0 1 1 1 1 1 1 1 1 1 1 1 0 1 0 0 1 0 1 1 0 0 1 1 0 0 1 1 0 0 1 1 1 0 1 1 1 0 1 0 0 0 0 1 1 0 0 1 1 0 1 0 0 1 0 1 1 1 1 1 1 1 1 0 1 0 1 3 0 2729.53
3479.68 2 3 2 3 4 3 3 2 1 4 1 2 2 4 0 0 0 0 1 1 1 0 0 1 1 1 0 1 0 1 1 0 1 1 0 1 1 1 0 0 1 0 0 0 0 1 1 0 1 1 0 1 0 1 0 0 1 1 1 0 0 1 0 1 1 0 0 1 0 1 1 1 0 1 1 1 0 1 0 1 1 0 1 0 1 0 1 1 1 1 1 0 1 0 0 0 0 1 1 0 1 1 1 0 1 1 1 0 1 1 1 0 0 0 0 0 1 0 0 0 1 0 1 1 1 1 1 0 1 1 0 1 0 1 1 1 0 1 0 1 0 0 1 1 0 0 0 1 0 0 0 1 0 1 0 1 0 0 0 1 1 1 1 0 0 0 1 0 1 0 1 0 1 1 1 0 0 1 1 0 0 1 1 0 1 1 1 1 0 0 1 0 1 0 0 0 0 0 0 1 0 1 1 0 0 1 0 0 0 1 0 0 0 0 1 0 0 1 0 0 0 2 1 2374.62
4275.58 3 2 2 3 3 1 1 2 4 2 2 4 4 2 1 0 1 0 0 1 1 1 1 1 1 1 1 0 1 1 1 1 1 1 0 0 1 0 0 1 0 0 0 1 1 0 1 0 0 0 1 1 0 1 0 1 0 0 0 1 0 1 1 0 1 1 0 0 0 0 0 1 1 1 1 1 1 0 0 1 0 0 1 1 0 0 1 1 0 0 0 1 1 0 0 1 1 0 0 0 1 1 0 0 1 1 1 1 1 0 0 0 0 0 0 0 1 1 0 0 1 0 1 0 0 1 0 0 0 0 1 1 0 0 1 1 1 1 1 1 1 1 0 1 0 1 0 0 0 0 0 1 0 0 0 0 1 1 0 1 1 1 0 1 1 1 0 1 1 0 0 0 0 1 0 0 0 0 0 1 1 1 1 1 0 0 0 0 1 1 1 1 0 0 1 0 1 1 0 0 0 0 1 0 0 1 0 0 0 0 0 0 0 0 1 1 0 0 0 0 1 3 1 2671.35
3036.19 1 1 2 2 1 2 2 3 2 2 2 2 4 3 1 1 1 1 1 0 0 1 0 1 0 1 0 0 1 0 0 1 1 1 1 1 0 0 0 1 0 1 0 0 0 1 1 1 0 1 0 0 1 1 1 1 1 1 1 0 0 0 1 0 1 1 0 1 0 1 0 0 0 0 0 0 0 0 0 1 1 1 0 0 0 1 1 1 0 0 1 1 0 1 0 0 0 1 0 0 0 1 1 0 1 1 1 0 0 1 0 0 0 1 0 1 0 1 1 1 0 0 1 1 0 1 1 1 0 0 1 1 0 0 0 0 0 0 1 0 1 0 0 0 1 1 1 0 0 0 1 0 0 0 1 1 1 0 0 0 1 1 1 1 1 0 0 0 1 1 0 0 0 1 1 0 0 1 0 1 1 1 0 1 1 1 0 1 0 0 0 0 0 1 0 0 0 1 1 1 1 1 0 1 0 1 0 0 0 1 1 0 0 1 0 0 1 0 1 1 0 2 1 2434.89
4059.84 2 2 3 2 1 2 4 2 3 3 1 3 3 2 1 0 0 0 0 0 0 0 0 0 1 0 1 0 0 1 0 0 1 1 0 0 0 1 0 1 1 1 1 0 1 0 1 0 0 0 0 1 0 1 1 0 0 1 0 0 0 1 0 0 0 0 1 1 1 0 1 1 1 0 0 1 1 0 1 1 0 1 0 1 0 0 1 0 1 1 0 0 0 1 1 1 1 1 0 0 0 1 0 0 1 1 1 1 0 1 0 1 0 0 1 0 1 1 1 1 1 1 0 0 0 1 0 1 0 0 0 0 1 1 0 0 0 0 1 0 1 1 1 0 1 1 1 1 1 1 0 1 1 0 0 1 0 1 0 1 1 1 1 1 1 1 1 0 0 1 0 0 1 1 0 1 1 0 1 0 0 0 0 0 0 1 0 1 1 0 1 1 1 1 1 0 1 1 0 1 1 0 0 1 0 0 0 1 1 1 1 0 0 0 1 1 0 0 0 0 0 3 0 2842.51
2712.15 3 1 3 4 3 3 3 4 4 1 1 4 4 3 1 0 1 0 0 0 0 0 0 0 1 1 1 0 0 0 0 0 1 0 0 0 1 0 0 1 1 1 0 0 1 0 1 0 1 1 1 0 0 1 0 0 0 0 0 1 0 0 1 1 1 0 1 1 1 0 1 0 0 1 1 1 1 1 0 1 0 1 1 1 0 1 0 1 0 0 0 0 0 1 1 0 0 1 0 1 1 0 0 0 0 1 0 1 1 0 0 1 1 0 0 0 0 0 0 0 1 0 0 1 1 1 1 1 1 1 0 1 0 1 0 0 1 0 1 0 0 0 0 0 1 0 0 0 0 1 0 1 0 0 0 0 1 1 0 0 1 1 1 1 1 0 1 0 0 0 1 1 1 0 0 0 0 1 1 1 1 0 1 0 0 0 1 1 1 1 0 0 1 1 0 0 1 0 1 0 0 1 1 1 0 1 0 1 1 0 0 1 1 1 0 1 0 1 0 0 1 2 1 2519.43
2163.98 3 2 2 4 4 3 2 3 3 2 1 2 3 3 0 1 1 0 0 0 0 1 1 1 0 1 1 1 0 0 1 1 0 0 0 0 1 0 0 0 0 0 0 0 1 1 0 1 0 1 1 1 0 0 1 1 0 0 0 1 0 0 1 0 1 0 1 1 0 0 0 0 1 1 1 0 0 1 1 0 1 1 1 0 0 1 0 1 1 1 0 0 0 1 0 1 0 0 0 0 0 0 0 1 0 1 0 1 1 0 1 0 0 0 0 1 1 0 0 1 0 0 1 1 0 1 0 1 0 1 1 1 0 1 0 0 1 1 0 0 1 1 1 0 1 1 1 0 1 0 0 0 1 0 1 1 1 1 1 1 1 1 1 1 1 0 1 0 1 1 1 1 1 1 1 1 1 1 0 1 0 0 0 0 0 0 0 1 1 1 1 0 1 1 1 1 0 0 1 0 1 0 1 0 0 0 0 1 1 0 1 0 1 1 0 0 0 0 0 1 1 2 0 2893.27
3773.01 3 3 3 4 4 3 2 2 2 3 2 3 3 3 0 0 1 1 0 1 0 1 0 0 0 1 0 0 1 1 0 0 1 1 1 1 0 1 0 1 1 1 1 0 1 1 0 1 1 1 0 0 1 1 0 1 1 1 1 1